0.022641 0.065076 0.025335 0.017873 0.74697 0.0072746 0.0072746 0.034845 0.072709
0.016143 0.033328 0.014407 0.011859 0.82351 0.0049295 0.0049295 0.016127 0.074763
0.015876 0.035863 0.019421 0.012385 0.83811 0.0050634 0.0050634 0.015694 0.052522
0.012675 0.025118 0.015721 0.010073 0.88024 0.004066 0.004066 0.015732 0.032313
0.029309 0.076712 0.028093 0.021826 0.59642 0.0088366 0.0088366 0.032662 0.19731
0.014335 0.035032 0.014221 0.011788 0.86012 0.0043675 0.0043675 0.011254 0.044519
0.017559 0.052794 0.015851 0.016379 0.79325 0.0056434 0.0056434 0.016848 0.076029
0.027171 0.087409 0.022201 0.023456 0.56855 0.0082816 0.0082816 0.022005 0.23265
0.019082 0.038944 0.015893 0.013192 0.78639 0.0053487 0.0053487 0.012793 0.10301
0.14536 0.042767 0.026724 0.027225 0.61241 0.0092181 0.0092181 0.02381 0.10327
0.24423 0.049704 0.047752 0.042943 0.33131 0.039337 0.039337 0.062793 0.1426
0.21588 0.053004 0.043234 0.04646 0.39574 0.037591 0.037591 0.042976 0.12752
0.050961 0.088053 0.039076 0.034053 0.34742 0.034336 0.034336 0.048279 0.32348
0.040456 0.096134 0.042345 0.034256 0.14302 0.032808 0.032808 0.045335 0.53284
0.038683 0.061047 0.030928 0.026695 0.57978 0.018278 0.018278 0.048623 0.17768
0.029767 0.040315 0.024593 0.021437 0.56562 0.012064 0.012064 0.031531 0.26261
0.030295 0.070166 0.027123 0.021318 0.5315 0.0088872 0.0088872 0.029445 0.27238
0.025546 0.062293 0.026783 0.019174 0.66579 0.0081082 0.0081082 0.031892 0.15231
0.019062 0.036901 0.018898 0.014894 0.73346 0.0062633 0.0062633 0.020681 0.14357
0.020087 0.031428 0.020391 0.014975 0.70634 0.0063139 0.0063139 0.018324 0.17582
0.020233 0.032016 0.023965 0.017213 0.54176 0.0067012 0.0067012 0.016149 0.33526
0.012212 0.01849 0.010864 0.0087138 0.88437 0.0036754 0.0036754 0.0083949 0.049608
0.0099685 0.017322 0.0084654 0.0069963 0.9204 0.0029489 0.0029489 0.0077894 0.023166
0.0081649 0.012007 0.0064015 0.0054922 0.94123 0.0023226 0.0023226 0.0062956 0.015761
0.0073254 0.011231 0.005903 0.0050283 0.94668 0.002127 0.002127 0.005646 0.013936
0.0057414 0.0080985 0.0046519 0.0041567 0.95645 0.0017507 0.0017507 0.0040789 0.013324
0.010751 0.012054 0.0073942 0.0058305 0.93869 0.0024458 0.0024458 0.0064353 0.01395
0.0088383 0.021561 0.0092045 0.006969 0.91916 0.0029577 0.0029577 0.0079037 0.020448
0.00746 0.016211 0.011348 0.0061084 0.93127 0.0025689 0.0025689 0.0055156 0.016949
0.0050816 0.010016 0.005236 0.0041341 0.95771 0.0017425 0.0017425 0.0038002 0.010541
0.005887 0.011415 0.0043333 0.0038154 0.9601 0.0016223 0.0016223 0.0031837 0.008023
0.0054813 0.0099634 0.0054975 0.004256 0.95777 0.0017587 0.0017587 0.0040738 0.0094368
0.01381 0.023024 0.0099839 0.0079289 0.91122 0.0032599 0.0032599 0.0073684 0.020147
0.0068917 0.01328 0.0052691 0.0044077 0.95437 0.0018417 0.0018417 0.0044609 0.0076369
0.0066026 0.0099859 0.0058657 0.0048102 0.95272 0.0020008 0.0020008 0.0053049 0.010711
0.0080869 0.011478 0.0075418 0.0056224 0.94069 0.0023668 0.0023668 0.0063755 0.015469
0.0069361 0.010618 0.0052198 0.0046829 0.95157 0.0019625 0.0019625 0.0050512 0.011996
0.0084404 0.017614 0.0076404 0.006313 0.93062 0.0026053 0.0026053 0.0059289 0.018231
0.011679 0.01794 0.0082952 0.0064812 0.92763 0.0026933 0.0026933 0.005682 0.016907
0.0081514 0.019099 0.0079712 0.0067022 0.92808 0.0026828 0.0026828 0.0064457 0.01818
0.0086771 0.016973 0.011322 0.0081276 0.92583 0.0029152 0.0029152 0.0065344 0.016703
0.0066666 0.013889 0.006712 0.0054721 0.94108 0.0022852 0.0022852 0.0050783 0.016528
0.0053091 0.011541 0.0047606 0.0050365 0.95584 0.0018239 0.0018239 0.0042349 0.009634
0.0047018 0.0085668 0.0046672 0.0039552 0.96198 0.0016084 0.0016084 0.0035116 0.0093982
0.0062209 0.022881 0.0064093 0.0053416 0.93908 0.0021944 0.0021944 0.0043309 0.011344
0.0046298 0.012084 0.0047751 0.0038343 0.96 0.0016169 0.0016169 0.003246 0.0081986
0.00576 0.016682 0.0050742 0.0047715 0.94874 0.0019793 0.0019793 0.0039335 0.011078
0.005043 0.012879 0.0048383 0.0040659 0.95771 0.0017118 0.0017118 0.0037194 0.0083177
0.004815 0.013589 0.0045617 0.0039997 0.95839 0.0016625 0.0016625 0.0034944 0.0078258
0.0042029 0.0087926 0.0036148 0.0032599 0.96762 0.0013725 0.0013725 0.0029043 0.0068611
0.0053067 0.012107 0.0047474 0.0043437 0.95508 0.0018046 0.0018046 0.003667 0.011142
0.0068129 0.020253 0.0062787 0.0061381 0.93999 0.0022111 0.0022111 0.0043454 0.011756
0.012881 0.044576 0.01202 0.014691 0.85947 0.0044142 0.0044142 0.010225 0.03731
0.0079524 0.027731 0.0070949 0.0070841 0.92559 0.0025844 0.0025844 0.0052347 0.014146
0.0038138 0.006953 0.0033033 0.0030858 0.97003 0.0013111 0.0013111 0.0028039 0.0073854
0.029761 0.071252 0.033611 0.024489 0.63591 0.0094201 0.0094201 0.049301 0.13683
0.02168 0.057427 0.019416 0.01615 0.68724 0.0066403 0.0066403 0.014933 0.16987
0.21932 0.049394 0.028453 0.029326 0.52123 0.010054 0.010054 0.026731 0.10544
0.23582 0.055472 0.031274 0.032462 0.45076 0.011127 0.011127 0.031559 0.1404
0.024954 0.04087 0.025978 0.018538 0.52447 0.0076768 0.0076768 0.024376 0.32546
0.0079019 0.011572 0.006531 0.0053625 0.94638 0.0022398 0.0022398 0.0062208 0.011554
0.025141 0.081634 0.025925 0.018874 0.65937 0.0077353 0.0077353 0.020022 0.15357
0.0064645 0.010865 0.0058493 0.0050702 0.94406 0.0021401 0.0021401 0.005564 0.017847
0.0071205 0.015161 0.0070554 0.0056143 0.93777 0.0023903 0.0023903 0.0065948 0.015901
0.0057726 0.011132 0.0073554 0.0047722 0.95028 0.0019935 0.0019935 0.0040538 0.01265
0.0054855 0.011885 0.0070682 0.004521 0.95336 0.0018988 0.0018988 0.0039357 0.0099452
0.0066727 0.013633 0.0068479 0.0063949 0.94298 0.002283 0.002283 0.0053522 0.013551
0.037418 0.061772 0.036281 0.027128 0.13648 0.027672 0.027672 0.036281 0.6093
0.0305 0.046558 0.042962 0.029772 0.3429 0.029604 0.029604 0.042636 0.40547
0.023059 0.082263 0.021093 0.018221 0.71038 0.0071229 0.0071229 0.016758 0.11398
0.017021 0.0351 0.013787 0.012602 0.79313 0.0051371 0.0051371 0.012841 0.10525
0.025268 0.052697 0.027333 0.01847 0.094801 0.0096409 0.0096409 0.024147 0.738
0.021888 0.034918 0.022198 0.016757 0.3949 0.0070084 0.0070084 0.018471 0.47685
0.018634 0.036805 0.018255 0.015686 0.56774 0.0064245 0.0064245 0.016536 0.31349
0.010901 0.027041 0.01399 0.0083437 0.90159 0.0034852 0.0034852 0.0073257 0.023841
0.034625 0.045653 0.037664 0.030535 0.24526 0.029228 0.029228 0.045676 0.50213
0.0074442 0.009872 0.0053746 0.0049155 0.9466 0.0020666 0.0020666 0.0049197 0.016741
0.01823 0.039093 0.017005 0.013333 0.80532 0.0055085 0.0055085 0.01831 0.077693
0.02478 0.066198 0.023105 0.020221 0.67995 0.00813 0.00813 0.044391 0.12509
0.020458 0.033712 0.02427 0.015577 0.2115 0.0065781 0.0065781 0.02008 0.66125
0.021993 0.04344 0.026863 0.018062 0.3787 0.0074831 0.0074831 0.019394 0.47658
0.019563 0.038925 0.016561 0.013236 0.82107 0.0052948 0.0052948 0.013926 0.066127
0.021416 0.040881 0.016885 0.012894 0.82405 0.00514 0.00514 0.011672 0.06192
0.018608 0.043049 0.014962 0.016044 0.80078 0.0056797 0.0056797 0.017664 0.077532
0.0204 0.059415 0.018684 0.015706 0.76194 0.0063912 0.0063912 0.020089 0.090984
0.017107 0.031462 0.015483 0.013839 0.79583 0.0055579 0.0055579 0.020899 0.094261
0.12083 0.042166 0.023017 0.024003 0.6676 0.0082629 0.0082629 0.018538 0.087315
0.014308 0.03864 0.015565 0.011108 0.85669 0.0044262 0.0044262 0.011488 0.043344
0.0043645 0.010111 0.0041086 0.003647 0.96346 0.0015204 0.0015204 0.0030107 0.0082546
0.022184 0.038947 0.016524 0.014616 0.79624 0.0056364 0.0056364 0.014875 0.085346
0.016283 0.079414 0.015608 0.012624 0.80958 0.0051216 0.0051216 0.011651 0.044594
0.023877 0.058442 0.033015 0.024422 0.053669 0.022663 0.022663 0.034247 0.727
0.014525 0.043578 0.012549 0.011517 0.81981 0.0046981 0.0046981 0.01008 0.078547
0.016655 0.052665 0.014262 0.014249 0.81335 0.0052391 0.0052391 0.014061 0.064275
0.01048 0.026304 0.0094637 0.008655 0.88276 0.0035186 0.0035186 0.0075711 0.047727
0.012151 0.024647 0.011947 0.0094034 0.87127 0.0038241 0.0038241 0.0080548 0.054876
0.016606 0.033635 0.016896 0.012835 0.78712 0.0052298 0.0052298 0.01148 0.11097
0.0095468 0.029632 0.0099604 0.0073775 0.90858 0.0030723 0.0030723 0.0064798 0.022279
0.020086 0.043042 0.014502 0.015184 0.81363 0.0053525 0.0053525 0.013003 0.069847
0.012791 0.032025 0.0093965 0.0083985 0.89258 0.0034692 0.0034692 0.0076326 0.030238
0.033348 0.098316 0.025022 0.029669 0.6975 0.0081586 0.0081586 0.021074 0.078754
0.021177 0.054773 0.017448 0.013571 0.81677 0.0054132 0.0054132 0.013171 0.05226
0.028792 0.13928 0.021588 0.017592 0.67928 0.0072325 0.0072325 0.015889 0.08312
0.0060166 0.011187 0.0050126 0.0047544 0.95041 0.0019528 0.0019528 0.0043879 0.014328
0.025767 0.057889 0.032408 0.019643 0.2731 0.0084152 0.0084152 0.029336 0.54502
0.010069 0.025061 0.010524 0.0080312 0.90297 0.0033131 0.0033131 0.0077433 0.028976
0.013972 0.030113 0.012571 0.0094371 0.88268 0.003905 0.003905 0.0096989 0.033722
0.022984 0.13766 0.020511 0.024446 0.68899 0.0071426 0.0071426 0.015053 0.07608
0.006215 0.01594 0.0057842 0.005102 0.94537 0.0021168 0.0021168 0.0043464 0.013014
0.0095812 0.02422 0.011283 0.0080942 0.90288 0.0033406 0.0033406 0.0069843 0.030272
0.016815 0.047715 0.01284 0.011509 0.82876 0.0048603 0.0048603 0.010883 0.061757
0.02617 0.060963 0.06409 0.02299 0.11103 0.011392 0.011392 0.03358 0.65839
0.02425 0.054869 0.02836 0.019347 0.43985 0.008211 0.008211 0.026721 0.39018
0.005657 0.011864 0.0049075 0.004326 0.9555 0.0018216 0.0018216 0.0041131 0.0099904
0.021482 0.074542 0.016422 0.015734 0.78525 0.0059294 0.0059294 0.01405 0.060658
0.014618 0.026345 0.015127 0.012881 0.051186 0.0092099 0.0092099 0.017608 0.84382
0.024525 0.049217 0.029293 0.022537 0.14111 0.016971 0.016971 0.032443 0.66694
0.020424 0.050298 0.029796 0.016861 0.10033 0.0073238 0.0073238 0.020874 0.74676
0.020021 0.029623 0.020507 0.014515 0.15309 0.0060481 0.0060481 0.018774 0.73137
0.0049856 0.010003 0.0055351 0.0039986 0.96016 0.0016617 0.0016617 0.0032522 0.0087437
0.0057356 0.012454 0.0051971 0.0049467 0.95084 0.0019595 0.0019595 0.0044709 0.012439
0.027665 0.043867 0.027392 0.019668 0.33516 0.0089695 0.0089695 0.027273 0.50103
0.047039 0.070757 0.041619 0.023779 0.23961 0.0097501 0.0097501 0.029896 0.5278
0.0066792 0.010672 0.0057316 0.0050729 0.94217 0.0021394 0.0021394 0.0045403 0.020855
0.0080479 0.031161 0.0069263 0.0064134 0.92332 0.0025718 0.0025718 0.0051515 0.013838
0.0059913 0.011727 0.0061343 0.0053561 0.94847 0.0020948 0.0020948 0.0053533 0.012781
0.003658 0.0066206 0.0031731 0.0029244 0.97281 0.0012124 0.0012124 0.0024035 0.0059845
0.01505 0.038843 0.01136 0.010237 0.86175 0.0041871 0.0041871 0.00924 0.045143
0.0112 0.025502 0.0098781 0.0084938 0.88882 0.00347 0.00347 0.0078006 0.04137
0.020923 0.033518 0.021708 0.016771 0.18128 0.0064792 0.0064792 0.02032 0.69252
0.006251 0.01374 0.0053171 0.0047558 0.95046 0.0019721 0.0019721 0.0039824 0.011546
0.0055094 0.012452 0.0047511 0.0044581 0.95223 0.0018872 0.0018872 0.0039729 0.012849
0.0049614 0.012023 0.0044059 0.004042 0.95762 0.0017094 0.0017094 0.0034128 0.010119
0.011719 0.022655 0.01126 0.0090006 0.039583 0.004557 0.004557 0.0097957 0.88687
0.0096778 0.02006 0.0095966 0.0077941 0.040845 0.0034611 0.0034611 0.0091145 0.89599
0.03152 0.045038 0.034689 0.020827 0.46124 0.0088925 0.0088925 0.035406 0.3535
0.0064519 0.016506 0.0057768 0.005162 0.9457 0.0020513 0.0020513 0.0045486 0.011756
0.0048825 0.011137 0.0043131 0.0040472 0.95994 0.0016508 0.0016508 0.0032113 0.0091666
0.0051843 0.0097275 0.0044703 0.0041571 0.95716 0.0017497 0.0017497 0.0033644 0.012439
0.014215 0.04064 0.013428 0.01185 0.81609 0.0048248 0.0048248 0.010337 0.083786
0.0090686 0.024924 0.0095268 0.0072627 0.90597 0.0030685 0.0030685 0.0067953 0.030318
0.01828 0.060913 0.011957 0.012703 0.85099 0.0043359 0.0043359 0.0099252 0.026565
0.021935 0.064816 0.019041 0.014331 0.78758 0.0058444 0.0058444 0.013551 0.067058
0.016385 0.030096 0.013384 0.011138 0.090882 0.0051508 0.0051508 0.011253 0.81656
0.011407 0.014892 0.0097337 0.0073974 0.028001 0.0030815 0.0030815 0.0096161 0.91279
0.023866 0.035881 0.026634 0.016933 0.26948 0.0071221 0.0071221 0.019791 0.59317
0.0066317 0.011869 0.0057203 0.0050463 0.94396 0.0021276 0.0021276 0.0044721 0.01805
0.010643 0.035468 0.010262 0.0081822 0.89118 0.003467 0.003467 0.0080771 0.029252
0.026752 0.32911 0.029343 0.030969 0.46662 0.0088299 0.0088299 0.017749 0.081801
0.023618 0.49735 0.021352 0.023561 0.35018 0.0075259 0.0075259 0.015944 0.052936
0.010769 0.016977 0.008387 0.0074467 0.043935 0.0030905 0.0030905 0.0067214 0.89958
0.013094 0.016759 0.009004 0.0073867 0.91048 0.0030896 0.0030896 0.0068829 0.030211
0.0072707 0.026061 0.0064 0.0056585 0.93281 0.0023532 0.0023532 0.0045506 0.012545
0.021995 0.057613 0.015129 0.015382 0.80271 0.0056145 0.0056145 0.013649 0.062292
0.20057 0.056172 0.029559 0.031614 0.47645 0.010833 0.010833 0.030037 0.15393
0.014039 0.020448 0.013563 0.010302 0.10792 0.004307 0.004307 0.010332 0.81479
0.0072906 0.014868 0.0069069 0.006679 0.93539 0.0023648 0.0023648 0.0051567 0.018977
0.0085303 0.017976 0.0081397 0.0083385 0.92119 0.0028263 0.0028263 0.0061382 0.024035
0.05633 0.10459 0.029164 0.025114 0.67657 0.0084621 0.0084621 0.017587 0.073725
0.021077 0.087324 0.02158 0.018451 0.74036 0.0065724 0.0065724 0.013742 0.084325
0.013865 0.043761 0.013675 0.010648 0.83954 0.0044606 0.0044606 0.0090994 0.060489
0.01854 0.54265 0.016886 0.018869 0.34544 0.0063726 0.0063726 0.013071 0.031797
0.023248 0.1505 0.01825 0.021091 0.68208 0.0070921 0.0070921 0.015948 0.074693
0.016083 0.026426 0.011877 0.010173 0.04983 0.0049781 0.0049781 0.011271 0.86438
0.025717 0.041819 0.023091 0.01468 0.10181 0.0061882 0.0061882 0.015732 0.76477
0.0072806 0.011008 0.0063119 0.0056674 0.032573 0.0023663 0.0023663 0.0052834 0.92714
0.015623 0.020553 0.012385 0.010339 0.076038 0.0041931 0.0041931 0.012637 0.84404
0.0070188 0.016252 0.0056492 0.005383 0.93933 0.0022639 0.0022639 0.0054108 0.016426
0.0060408 0.013485 0.005523 0.0049113 0.94558 0.0020617 0.0020617 0.0042533 0.016084
0.021075 0.64104 0.018969 0.02304 0.22061 0.0068398 0.0068398 0.014379 0.047204
0.011326 0.025601 0.010216 0.0090396 0.068295 0.0037661 0.0037661 0.0083032 0.85969
0.0078303 0.011149 0.0070258 0.0055401 0.025159 0.0023158 0.0023158 0.0052588 0.93341
0.019626 0.024406 0.016542 0.013089 0.19736 0.0054922 0.0054922 0.012488 0.7055
0.022438 0.029041 0.017157 0.014545 0.28753 0.0061821 0.0061821 0.015294 0.60163
0.007459 0.017092 0.0071074 0.0063253 0.92542 0.0026157 0.0026157 0.0055763 0.02579
0.0088779 0.021609 0.0090361 0.0073718 0.91462 0.0029866 0.0029866 0.0072431 0.025272
0.0052513 0.012539 0.0046339 0.0043566 0.95472 0.0017963 0.0017963 0.0037571 0.011146
0.025016 0.12322 0.028899 0.026795 0.6906 0.0076916 0.0076916 0.016871 0.073221
0.15673 0.049552 0.044574 0.046373 0.39562 0.037418 0.037418 0.04167 0.19065
0.016041 0.02306 0.016239 0.011919 0.15492 0.005001 0.005001 0.011321 0.7565
0.018126 0.032213 0.013451 0.011559 0.84592 0.0048656 0.0048656 0.012995 0.056
0.0061388 0.014191 0.0054623 0.004926 0.94528 0.0020834 0.0020834 0.0044782 0.015357
0.039922 0.15272 0.023427 0.020434 0.62712 0.0084741 0.0084741 0.019435 0.099995
0.017255 0.029554 0.01275 0.0097994 0.86995 0.0040725 0.0040725 0.0097206 0.042828
0.022599 0.034187 0.016707 0.014838 0.26254 0.0061494 0.0061494 0.014621 0.62221
0.011 0.015981 0.0095259 0.0079078 0.047294 0.0032847 0.0032847 0.0088424 0.89288
0.010537 0.016063 0.009692 0.0082376 0.058754 0.0034469 0.0034469 0.0082614 0.88156
0.016061 0.020467 0.01363 0.010399 0.090128 0.00437 0.00437 0.010323 0.83025
0.029733 0.043326 0.019204 0.01727 0.56231 0.0073076 0.0073076 0.015984 0.29756
0.0073799 0.015539 0.0060368 0.0055013 0.93732 0.0023236 0.0023236 0.0050133 0.01856
0.0081589 0.02236 0.0072146 0.0065471 0.92279 0.0027209 0.0027209 0.0054167 0.022071
0.0054607 0.011559 0.0049008 0.0044688 0.95206 0.0018977 0.0018977 0.0037995 0.013954
0.0061904 0.014273 0.0050001 0.0044839 0.95193 0.001904 0.001904 0.003908 0.010407
0.008683 0.012653 0.0077109 0.0065583 0.043957 0.0027589 0.0027589 0.0065027 0.90842
0.0046695 0.008991 0.0043422 0.0039651 0.95988 0.0016405 0.0016405 0.0034268 0.01144
0.018474 0.029077 0.011383 0.010107 0.87271 0.0041346 0.0041346 0.010123 0.039852
0.028577 0.06421 0.016536 0.01482 0.77801 0.0061001 0.0061001 0.014281 0.071362
0.044136 0.041814 0.019585 0.017883 0.69765 0.0070432 0.0070432 0.016987 0.14786
0.025055 0.054795 0.019175 0.01703 0.089255 0.0095237 0.0095237 0.024491 0.75115
0.014285 0.022683 0.010583 0.0094196 0.062273 0.0039486 0.0039486 0.010618 0.86224
0.023388 0.036567 0.01907 0.016599 0.33546 0.0069451 0.0069451 0.020134 0.53489
0.0042058 0.0088141 0.0035754 0.0034686 0.96602 0.0014373 0.0014373 0.0033677 0.007675
0.0063987 0.016146 0.0060017 0.0051409 0.94285 0.0021734 0.0021734 0.0045042 0.014611
0.0061117 0.0087604 0.0046277 0.0041495 0.95973 0.0017356 0.0017356 0.0049394 0.0082055
0.0073538 0.011505 0.0057501 0.0050269 0.9466 0.0020894 0.0020894 0.0044748 0.015113
0.029424 0.18762 0.032744 0.027256 0.58224 0.0092895 0.0092895 0.028536 0.093595
0.23842 0.048831 0.04346 0.044763 0.4079 0.036071 0.036071 0.040523 0.10396
0.015929 0.025644 0.014297 0.01256 0.23591 0.0051794 0.0051794 0.010775 0.67453
0.0059497 0.01387 0.0053697 0.004811 0.9451 0.0020365 0.0020365 0.0041445 0.016684
0.01875 0.044623 0.014253 0.013466 0.83568 0.0049576 0.0049576 0.011669 0.051646
0.029115 0.038907 0.01608 0.014865 0.18658 0.0062707 0.0062707 0.015046 0.68686
0.04185 0.070678 0.034459 0.031113 0.28639 0.030891 0.030891 0.040857 0.43287
0.018409 0.082557 0.021377 0.014395 0.75662 0.0061601 0.0061601 0.014792 0.079535
0.01482 0.032878 0.010335 0.010716 0.88458 0.0037822 0.0037822 0.0095625 0.029547
0.020845 0.21221 0.019459 0.018474 0.64869 0.0066844 0.0066844 0.013503 0.053457
0.017845 0.69404 0.014749 0.017946 0.19943 0.0057094 0.0057094 0.011871 0.032703
0.028691 0.033694 0.021079 0.016545 0.41537 0.0070147 0.0070147 0.015722 0.45487
0.028642 0.03231 0.017761 0.015675 0.44666 0.0066782 0.0066782 0.015075 0.43052
0.029448 0.05652 0.020005 0.017228 0.70605 0.0072589 0.0072589 0.019253 0.13697
0.0061984 0.013835 0.0054563 0.0049291 0.94584 0.0020687 0.0020687 0.0043169 0.015284
0.009738 0.038049 0.0090021 0.0087823 0.90053 0.0032177 0.0032177 0.0065428 0.020919
0.030402 0.081728 0.035627 0.023738 0.47642 0.0093233 0.0093233 0.026536 0.3069
0.032455 0.095443 0.043506 0.024826 0.39417 0.0096951 0.0096951 0.023949 0.36626
0.021618 0.042345 0.026147 0.016601 0.23469 0.0068959 0.0068959 0.018293 0.62652
0.021263 0.070465 0.020677 0.020353 0.59255 0.007432 0.007432 0.017684 0.24214
0.024307 0.027922 0.016872 0.01423 0.17239 0.0059713 0.0059713 0.015304 0.71703
0.019584 0.024626 0.014087 0.012109 0.16791 0.0051483 0.0051483 0.011895 0.73949
0.026594 0.04868 0.043825 0.019404 0.25034 0.0081492 0.0081492 0.022326 0.57254
0.028689 0.04402 0.028375 0.020846 0.19378 0.0073616 0.0073616 0.016956 0.65261
0.026303 0.054435 0.020666 0.0174 0.27351 0.0072358 0.0072358 0.018399 0.57481
0.023212 0.029827 0.016349 0.014682 0.27565 0.0061808 0.0061808 0.015652 0.61226
0.032139 0.038242 0.020633 0.017305 0.42164 0.007294 0.007294 0.017106 0.43835
0.0051102 0.010275 0.0043124 0.003998 0.95932 0.0016904 0.0016904 0.0039937 0.0096053
0.0084436 0.012757 0.0067458 0.0056154 0.942 0.0023345 0.0023345 0.0063469 0.013419
0.0062392 0.012984 0.0059704 0.0052793 0.9422 0.0021622 0.0021622 0.0046153 0.018389
0.044637 0.041242 0.026364 0.01941 0.26081 0.0078829 0.0078829 0.021199 0.57057
0.044601 0.037933 0.025801 0.018166 0.2266 0.0076899 0.0076899 0.020313 0.6112
0.018374 0.074763 0.017398 0.013931 0.77938 0.0058205 0.0058205 0.015957 0.068555
0.038045 0.045555 0.019735 0.017979 0.63593 0.0074533 0.0074533 0.016887 0.21097
0.10493 0.069908 0.027702 0.027225 0.59319 0.0094728 0.0094728 0.0187 0.13941
0.092546 0.058274 0.025489 0.025042 0.65963 0.0085985 0.0085985 0.017811 0.10401
0.17051 0.046041 0.024727 0.025984 0.59094 0.0090075 0.0090075 0.019155 0.10463
0.020304 0.030231 0.018368 0.014246 0.20993 0.0059722 0.0059722 0.014815 0.68016
0.024148 0.041729 0.02117 0.016371 0.41985 0.0068872 0.0068872 0.014494 0.44846
0.0058342 0.0088248 0.0043482 0.0040299 0.9609 0.0016849 0.0016849 0.0046774 0.0080153
0.022688 0.041536 0.031233 0.01749 0.28516 0.0072442 0.0072442 0.017504 0.5699
0.029209 0.091354 0.038801 0.024369 0.36243 0.0098464 0.0098464 0.031724 0.40242
0.030441 0.099787 0.021686 0.019129 0.65446 0.0080418 0.0080418 0.021653 0.13676
0.0066235 0.010258 0.0055781 0.0050926 0.026643 0.0021354 0.0021354 0.0049671 0.93657
0.027209 0.029694 0.020683 0.015028 0.22901 0.0064046 0.0064046 0.017058 0.64851
0.021248 0.053733 0.018138 0.014027 0.076881 0.0061358 0.0061358 0.018502 0.7852
0.019052 0.032174 0.015592 0.013719 0.32397 0.0057822 0.0057822 0.011917 0.57201
0.02382 0.036512 0.014552 0.01311 0.79253 0.0055642 0.0055642 0.013752 0.094599
0.028289 0.49075 0.020419 0.018299 0.34089 0.0074634 0.0074634 0.015478 0.07095
0.017586 0.78136 0.014323 0.0163 0.099625 0.0053799 0.0053799 0.011548 0.0485
0.024553 0.63922 0.021682 0.02121 0.1801 0.0075954 0.0075954 0.017908 0.080143
0.030045 0.099032 0.023573 0.020718 0.23161 0.0086606 0.0086606 0.0268 0.55091
0.021486 0.074486 0.01881 0.016917 0.79674 0.005892 0.005892 0.014134 0.045647
0.021873 0.020938 0.013068 0.0092452 0.042593 0.0039241 0.0039241 0.009751 0.87468
0.020259 0.1009 0.019833 0.017845 0.74921 0.0063208 0.0063208 0.013743 0.065572
0.033992 0.060936 0.031763 0.029471 0.34109 0.029651 0.029651 0.041535 0.40191
0.024105 0.059629 0.024139 0.018787 0.53274 0.0076436 0.0076436 0.019593 0.30572
0.021507 0.060199 0.022973 0.022374 0.68262 0.0074583 0.0074583 0.022795 0.15261
0.022018 0.071839 0.01488 0.013333 0.80547 0.0054795 0.0054795 0.011849 0.049647
0.017534 0.045789 0.014226 0.011685 0.83555 0.0049046 0.0049046 0.011743 0.053667
0.024371 0.53859 0.019645 0.020505 0.31115 0.0075065 0.0075065 0.016094 0.054633
0.11953 0.038208 0.021854 0.022127 0.68391 0.0075777 0.0075777 0.015789 0.083434
0.17738 0.044342 0.023804 0.025001 0.60993 0.0085675 0.0085675 0.019272 0.083134
0.19975 0.04418 0.024425 0.025977 0.59358 0.010534 0.010534 0.019055 0.07197
0.36064 0.037867 0.034872 0.040121 0.32222 0.033151 0.033151 0.036508 0.10147
0.036339 0.069398 0.030161 0.02777 0.42517 0.020281 0.020281 0.033743 0.33685
0.028398 0.051037 0.020365 0.016248 0.14653 0.0068365 0.0068365 0.017525 0.70623
0.027385 0.04979 0.02669 0.019501 0.39736 0.0076764 0.0076764 0.018901 0.44502
0.071316 0.052014 0.020859 0.021065 0.72794 0.0073172 0.0073172 0.014899 0.077274
0.28911 0.045261 0.03741 0.042482 0.37404 0.035033 0.035033 0.047229 0.094402
0.21832 0.050913 0.042792 0.045919 0.39298 0.037093 0.037093 0.04001 0.13488
0.02817 0.065845 0.023655 0.021233 0.55376 0.011478 0.011478 0.023674 0.2607
0.011303 0.018782 0.011456 0.0088664 0.073389 0.0036919 0.0036919 0.0091186 0.8597
0.0047682 0.0094261 0.004395 0.0037307 0.96227 0.0015718 0.0015718 0.0033759 0.0088941
0.0071145 0.01096 0.0055338 0.0050943 0.94941 0.0021134 0.0021134 0.0058454 0.011818
0.0082929 0.024378 0.0084268 0.0067562 0.92333 0.0027323 0.0027323 0.006193 0.01716
0.023534 0.089757 0.018524 0.015285 0.75352 0.0064519 0.0064519 0.017007 0.069469
0.022054 0.116 0.020192 0.020074 0.71111 0.007128 0.007128 0.016789 0.079524
0.1289 0.037349 0.021212 0.022576 0.69369 0.0086649 0.0086649 0.016245 0.062699
0.049664 0.10177 0.039812 0.035975 0.33887 0.035907 0.035907 0.049883 0.31221
0.030118 0.086484 0.025303 0.022747 0.37005 0.010316 0.010316 0.023169 0.4215
0.023465 0.028638 0.017512 0.013864 0.20791 0.005865 0.005865 0.012837 0.68404
0.027121 0.077712 0.033797 0.024144 0.50618 0.0091254 0.0091254 0.028523 0.28427
0.023199 0.32253 0.020708 0.022142 0.53438 0.0073751 0.0073751 0.016656 0.045639
0.012423 0.044218 0.010194 0.012278 0.87004 0.0040044 0.0040044 0.0086141 0.03422
0.017243 0.044943 0.017534 0.013457 0.79469 0.0053794 0.0053794 0.012102 0.08927
0.29529 0.038938 0.036399 0.040171 0.39829 0.033102 0.033102 0.035437 0.089269
0.052076 0.11668 0.036123 0.035894 0.39444 0.035458 0.035458 0.041999 0.25187
0.0050362 0.011127 0.004424 0.0041125 0.95642 0.0017511 0.0017511 0.0036083 0.011772
0.0057382 0.010422 0.0052395 0.0047781 0.94714 0.0020197 0.0020197 0.0041139 0.018528
0.054491 0.041934 0.028061 0.018883 0.21345 0.0080186 0.0080186 0.021874 0.60527
0.033073 0.12384 0.019651 0.015742 0.71819 0.0066997 0.0066997 0.015352 0.060751
0.024129 0.22175 0.017101 0.01636 0.64391 0.0064069 0.0064069 0.013381 0.050561
0.020515 0.6617 0.019083 0.0219 0.19995 0.0069718 0.0069718 0.01612 0.04679
0.15988 0.050742 0.02608 0.026881 0.60273 0.009158 0.009158 0.01946 0.095916
0.034691 0.091298 0.027165 0.024106 0.51033 0.013557 0.013557 0.023306 0.26199
0.0053742 0.010906 0.0055222 0.0046753 0.95436 0.0018823 0.0018823 0.0044081 0.010987
0.017127 0.029939 0.01532 0.013904 0.65483 0.0056608 0.0056608 0.012571 0.24499
0.031438 0.14362 0.024946 0.022833 0.62364 0.0087566 0.0087566 0.025691 0.11032
0.023044 0.067779 0.024638 0.018397 0.6914 0.0072266 0.0072266 0.017009 0.14328
0.022039 0.036047 0.020532 0.017098 0.54519 0.0067668 0.0067668 0.016359 0.3292
0.019171 0.045155 0.017168 0.017463 0.74375 0.0063246 0.0063246 0.014325 0.13032
0.022802 0.0947 0.02178 0.020005 0.55382 0.0077577 0.0077577 0.015757 0.25562
0.023963 0.051473 0.020792 0.017805 0.29417 0.0075365 0.0075365 0.018473 0.55825
0.010044 0.014488 0.0072735 0.0064638 0.92524 0.0027017 0.0027017 0.006668 0.024419
0.0054109 0.010144 0.0048517 0.0046236 0.95031 0.0018993 0.0018993 0.0038248 0.01704
0.004791 0.007613 0.0038504 0.0035284 0.9662 0.001474 0.001474 0.003692 0.0073792
0.036728 0.033006 0.020141 0.01593 0.19134 0.0067204 0.0067204 0.019259 0.67016
0.024333 0.037521 0.019749 0.017155 0.58551 0.006888 0.006888 0.017234 0.28473
0.025979 0.11762 0.01784 0.016475 0.71207 0.006786 0.006786 0.015851 0.080594
0.035473 0.55134 0.025491 0.022692 0.18169 0.0090007 0.0090007 0.02325 0.14206
0.020999 0.03874 0.01292 0.012201 0.85893 0.0077688 0.0077688 0.013147 0.027527
0.1979 0.041916 0.03626 0.039549 0.50168 0.032569 0.032569 0.034849 0.082707
0.04236 0.078511 0.029591 0.030683 0.67119 0.018746 0.018746 0.02801 0.082163
0.017554 0.031776 0.016284 0.013794 0.20534 0.0058163 0.0058163 0.014668 0.68896
0.027922 0.048432 0.02574 0.021147 0.37996 0.0083261 0.0083261 0.024761 0.45538
0.021028 0.040144 0.016934 0.013771 0.76326 0.005755 0.005755 0.0122 0.12116
0.019259 0.12177 0.017805 0.019402 0.74142 0.00619 0.00619 0.012907 0.055054
0.011643 0.022121 0.0099996 0.0086148 0.060301 0.0036103 0.0036103 0.0079042 0.8722
0.01925 0.026985 0.020001 0.01394 0.19608 0.0058315 0.0058315 0.013826 0.69825
0.018446 0.055021 0.017572 0.015913 0.69236 0.0063251 0.0063251 0.014472 0.17357
0.24606 0.040243 0.037159 0.040755 0.43111 0.033478 0.033478 0.036018 0.10169
0.015107 0.028283 0.012975 0.011122 0.099539 0.004628 0.004628 0.010861 0.81286
0.023105 0.036743 0.017099 0.014455 0.74659 0.0060447 0.0060447 0.012987 0.13693
0.032561 0.15689 0.027009 0.022682 0.62369 0.0087255 0.0087255 0.026249 0.093475
0.038242 0.095094 0.02954 0.027197 0.48157 0.018526 0.018526 0.028305 0.263
0.023707 0.57937 0.020541 0.020694 0.2742 0.0072654 0.0072654 0.014541 0.052413
0.019776 0.045803 0.020071 0.017867 0.22771 0.0067868 0.0067868 0.017202 0.63799
0.024606 0.030536 0.01773 0.014711 0.64662 0.0061901 0.0061901 0.013858 0.23956
0.049126 0.046025 0.020912 0.018152 0.50384 0.007779 0.007779 0.015497 0.33089
0.0076336 0.014252 0.0078874 0.0064245 0.92703 0.0026366 0.0026366 0.0061479 0.025348
0.0090707 0.014228 0.0094641 0.0078734 0.92548 0.0028484 0.0028484 0.0066322 0.021552
0.0090722 0.018112 0.0098398 0.0086906 0.91178 0.0031445 0.0031445 0.0070112 0.0292
0.017035 0.04712 0.014975 0.013144 0.77899 0.005468 0.005468 0.011428 0.10637
0.033377 0.50006 0.02149 0.019648 0.31867 0.0080701 0.0080701 0.019333 0.071281
0.25352 0.039166 0.037009 0.041769 0.42009 0.033801 0.033801 0.036094 0.10475
0.019067 0.039016 0.016995 0.014714 0.32251 0.00619 0.00619 0.0141 0.56121
0.0060345 0.015862 0.0054223 0.0050039 0.94393 0.0020992 0.0020992 0.0040826 0.015471
0.015284 0.053857 0.01319 0.013965 0.81233 0.0049654 0.0049654 0.010308 0.071137
0.024725 0.07071 0.021994 0.021109 0.46347 0.00805 0.00805 0.018498 0.3634
0.021684 0.40815 0.020724 0.021348 0.45639 0.0076381 0.0076381 0.015529 0.040899
0.0087232 0.015736 0.0098463 0.0072918 0.91152 0.0029794 0.0029794 0.0062097 0.034715
0.0067942 0.012576 0.0071158 0.0058297 0.93724 0.0023709 0.0023709 0.0060366 0.019666
0.0058704 0.011079 0.0058246 0.0048768 0.94813 0.0019979 0.0019979 0.0040682 0.016157
0.0076829 0.013521 0.0072131 0.0061492 0.92419 0.002586 0.002586 0.0055 0.030568
0.0038 0.0069526 0.0031748 0.0031171 0.97093 0.0012676 0.0012676 0.0025527 0.0069388
0.0090073 0.035848 0.0086851 0.0086347 0.90357 0.0031106 0.0031106 0.0066506 0.021381
0.037151 0.054784 0.034751 0.031413 0.34479 0.030598 0.030598 0.045627 0.39029
0.030285 0.086204 0.025968 0.021492 0.56678 0.010433 0.010433 0.021989 0.22642
0.0087732 0.012445 0.0069098 0.0066946 0.9391 0.0024157 0.0024157 0.0063007 0.01495
0.024617 0.051134 0.030725 0.018138 0.17264 0.007342 0.007342 0.019438 0.66863
0.034852 0.17133 0.024113 0.0226 0.53588 0.009121 0.009121 0.024985 0.168
0.02469 0.23406 0.023285 0.023704 0.59422 0.0078484 0.0078484 0.018929 0.065416
0.017471 0.023549 0.011999 0.010545 0.080894 0.004486 0.004486 0.010809 0.83576
0.019585 0.043836 0.019738 0.015363 0.21405 0.0064542 0.0064542 0.01545 0.65907
0.014788 0.023579 0.013828 0.011613 0.149 0.0047766 0.0047766 0.0097434 0.76789
0.011409 0.018792 0.0096522 0.0081952 0.064839 0.0034809 0.0034809 0.007462 0.87269
0.0056549 0.010639 0.0053532 0.0047111 0.95118 0.0019344 0.0019344 0.0042542 0.014338
0.024437 0.097911 0.018206 0.017503 0.7533 0.0064342 0.0064342 0.01546 0.06031
0.024919 0.58839 0.023695 0.023203 0.23737 0.0079349 0.0079349 0.017057 0.069506
0.015461 0.72864 0.015 0.015593 0.17213 0.0055923 0.0055923 0.011384 0.030607
0.023442 0.16139 0.022681 0.026354 0.67622 0.013269 0.013269 0.018799 0.044575
0.029453 0.36122 0.028514 0.031063 0.42992 0.018514 0.018514 0.025298 0.057507
0.0227 0.052896 0.019151 0.015748 0.12006 0.0064554 0.0064554 0.017293 0.73924
0.020315 0.046345 0.022982 0.016788 0.24043 0.0067755 0.0067755 0.016337 0.62325
0.0083286 0.01398 0.0074762 0.0068423 0.91513 0.0028496 0.0028496 0.0063775 0.036165
0.0087198 0.020938 0.0093739 0.0087926 0.91213 0.0031084 0.0031084 0.0073602 0.026474
0.065535 0.049298 0.05114 0.022911 0.20194 0.0098128 0.0098128 0.031272 0.55828
0.039603 0.035508 0.020076 0.01453 0.081769 0.0061314 0.0061314 0.017877 0.77837
0.027066 0.068889 0.029187 0.02055 0.58355 0.0081119 0.0081119 0.016265 0.23827
0.036359 0.14165 0.025181 0.025352 0.54515 0.0091598 0.0091598 0.021657 0.18633
0.015534 0.72349 0.01592 0.014208 0.18429 0.0064429 0.0064429 0.011184 0.022487
0.031624 0.34597 0.030578 0.034372 0.41347 0.02908 0.02908 0.03107 0.054753
0.0080318 0.014796 0.0083219 0.0079974 0.91637 0.0028346 0.0028346 0.0058214 0.032991
0.0075185 0.013234 0.0065102 0.0058565 0.93127 0.0024582 0.0024582 0.0051372 0.02556
0.029026 0.061389 0.032438 0.022587 0.27261 0.0082964 0.0082964 0.020296 0.54507
0.030086 0.13469 0.022945 0.020445 0.68451 0.007712 0.007712 0.018873 0.073025
0.017205 0.039143 0.017299 0.013588 0.18862 0.0055985 0.0055985 0.011068 0.70188
0.022442 0.068675 0.019817 0.017022 0.65109 0.0070325 0.0070325 0.014201 0.19269
0.019223 0.047499 0.017312 0.015612 0.74525 0.0059244 0.0059244 0.014117 0.12914
0.20831 0.040122 0.03749 0.038865 0.50536 0.03216 0.03216 0.039063 0.066473
0.11301 0.040752 0.029205 0.027321 0.63119 0.027325 0.027325 0.029756 0.074125
0.013058 0.029052 0.0167 0.012671 0.86398 0.0045238 0.0045238 0.01067 0.044826
0.040042 0.38279 0.024991 0.022864 0.38306 0.0091426 0.0091426 0.02011 0.10786
0.012015 0.036693 0.0111 0.012461 0.8638 0.0040836 0.0040836 0.0082039 0.047557
0.016003 0.035409 0.014092 0.013266 0.8046 0.005061 0.005061 0.011588 0.094922
0.14362 0.031394 0.029107 0.026582 0.62879 0.026329 0.026329 0.027325 0.060521
0.0071761 0.013654 0.008058 0.0061265 0.92838 0.0025055 0.0025055 0.0049207 0.026672
0.010813 0.016272 0.010845 0.0078585 0.91021 0.0032712 0.0032712 0.0094091 0.028052
0.0054043 0.007549 0.0041858 0.0037798 0.9636 0.001573 0.001573 0.0040471 0.0082833
0.019059 0.027128 0.013634 0.010883 0.050929 0.004577 0.004577 0.014487 0.85473
0.013922 0.8164 0.012755 0.012898 0.10182 0.0046197 0.0046197 0.012439 0.020529
0.027947 0.55003 0.029317 0.033802 0.2268 0.027839 0.027839 0.029091 0.04733
0.053411 0.08191 0.036458 0.032261 0.49036 0.032576 0.032576 0.035232 0.20521
0.017711 0.063033 0.020574 0.022352 0.79845 0.017356 0.017356 0.018522 0.024641
0.019698 0.038108 0.01871 0.016087 0.25672 0.006307 0.006307 0.012554 0.62551
0.030028 0.063508 0.029358 0.027744 0.55695 0.027744 0.027744 0.031852 0.20508
0.030485 0.034378 0.023995 0.014956 0.1337 0.0062624 0.0062624 0.01325 0.73671
0.026305 0.051839 0.035827 0.024416 0.30172 0.0086414 0.0086414 0.027812 0.51479
0.026441 0.080118 0.022651 0.019024 0.56999 0.0078366 0.0078366 0.01738 0.24873
0.026331 0.08879 0.036282 0.024279 0.51132 0.0087945 0.0087945 0.019423 0.27598
0.016005 0.75471 0.015069 0.014332 0.14383 0.0070952 0.0070952 0.012785 0.029072
0.010862 0.019274 0.010296 0.00837 0.052774 0.0034724 0.0034724 0.007982 0.8835
0.027352 0.048762 0.023901 0.017674 0.27288 0.0072613 0.0072613 0.016773 0.57814
0.014562 0.021836 0.012702 0.0098858 0.083883 0.0041206 0.0041206 0.0090575 0.83983
0.033162 0.040217 0.026534 0.01698 0.75184 0.0071682 0.0071682 0.032092 0.084836
0.023461 0.041933 0.027428 0.018338 0.28295 0.0074163 0.0074163 0.019029 0.57202
0.034434 0.2895 0.028008 0.040221 0.46277 0.0097812 0.0097812 0.021901 0.10361
0.0068021 0.011946 0.0064733 0.0056849 0.93496 0.00238 0.00238 0.0051813 0.024192
0.030035 0.21863 0.023072 0.02777 0.54799 0.0087634 0.0087634 0.018305 0.11667
0.025935 0.65368 0.031151 0.027025 0.15019 0.02555 0.02555 0.028161 0.032757
0.027934 0.048686 0.024426 0.019719 0.22661 0.0075382 0.0075382 0.021674 0.61588
0.0079388 0.017532 0.0072692 0.0075153 0.92486 0.0027236 0.0027236 0.0063716 0.023068
0.039015 0.045701 0.039666 0.018783 0.71126 0.0080065 0.0080065 0.027262 0.1023
0.031633 0.046254 0.024446 0.016539 0.11576 0.0070109 0.0070109 0.021586 0.72976
0.019403 0.032422 0.017519 0.015594 0.32046 0.0061307 0.0061307 0.01326 0.56908
0.022704 0.037976 0.019868 0.015635 0.21527 0.0062207 0.0062207 0.013336 0.66277
0.014702 0.021863 0.012498 0.0105 0.11915 0.0043781 0.0043781 0.011885 0.80065
0.021886 0.035529 0.020029 0.015489 0.21562 0.0064011 0.0064011 0.018056 0.66059
0.021731 0.029285 0.016083 0.014246 0.16065 0.0057232 0.0057232 0.016698 0.72986
0.017883 0.024219 0.014152 0.011901 0.15022 0.0049103 0.0049103 0.011386 0.76042
0.019926 0.11076 0.018488 0.022842 0.71504 0.006881 0.006881 0.014792 0.08439
0.028854 0.046363 0.023633 0.022663 0.71127 0.022626 0.022626 0.026796 0.095174
0.01298 0.026601 0.014319 0.010218 0.071169 0.0042056 0.0042056 0.011419 0.84488
0.0060573 0.010102 0.0066106 0.0047301 0.018966 0.0019789 0.0019789 0.0042936 0.94528
0.012846 0.018519 0.0090845 0.0083997 0.89155 0.0035082 0.0035082 0.0087097 0.043879
0.0056159 0.011613 0.0045198 0.0042196 0.95741 0.0017308 0.0017308 0.0034599 0.0097039
0.046645 0.0345 0.028368 0.016237 0.084227 0.0068377 0.0068377 0.020455 0.75589
0.031996 0.06171 0.02293 0.019598 0.56831 0.0079427 0.0079427 0.019376 0.26019
0.018909 0.057469 0.017595 0.016657 0.60569 0.0066242 0.0066242 0.013127 0.25731
0.01725 0.074036 0.015683 0.014599 0.74076 0.0058075 0.0058075 0.013902 0.11215
0.029815 0.095833 0.025181 0.021495 0.41733 0.0090896 0.0090896 0.027785 0.36438
0.018259 0.058815 0.017025 0.014978 0.74767 0.0059364 0.0059364 0.012357 0.11902
0.030572 0.1527 0.023986 0.021175 0.64876 0.0079659 0.0079659 0.017323 0.089549
0.043785 0.049602 0.032975 0.029201 0.5775 0.029214 0.029214 0.036665 0.17185
0.016245 0.030894 0.017701 0.013547 0.16348 0.005671 0.005671 0.01733 0.72946
0.019038 0.035085 0.027256 0.014723 0.16566 0.0061536 0.0061536 0.015395 0.71054
0.011303 0.021579 0.012974 0.0091839 0.070509 0.0039029 0.0039029 0.010404 0.85624
0.010387 0.024775 0.010806 0.0083916 0.05207 0.0035738 0.0035738 0.009031 0.87739
0.0069439 0.015172 0.0066591 0.0053468 0.016655 0.0022603 0.0022603 0.0058626 0.93884
0.0047747 0.0089067 0.0039386 0.0036256 0.96514 0.0014796 0.0014796 0.0032272 0.0074307
0.022468 0.030694 0.017318 0.014816 0.20818 0.0061372 0.0061372 0.019512 0.67474
0.022814 0.59564 0.019077 0.022971 0.25058 0.0074568 0.0074568 0.018356 0.055648
0.029818 0.58657 0.027768 0.031726 0.18417 0.0090717 0.0090717 0.021484 0.10032
0.037269 0.37832 0.037161 0.042724 0.29521 0.034849 0.034849 0.03423 0.10539
0.020803 0.040195 0.020544 0.016174 0.30247 0.0067865 0.0067865 0.016461 0.56978
0.0075626 0.014294 0.0082587 0.0063172 0.030741 0.0026269 0.0026269 0.0063685 0.9212
0.0076376 0.014405 0.0085209 0.0061901 0.033075 0.0026357 0.0026357 0.0062747 0.91863
0.01224 0.020897 0.010044 0.0082952 0.042811 0.0035066 0.0035066 0.007502 0.8912
0.0059925 0.010795 0.0054747 0.0048779 0.94574 0.0020535 0.0020535 0.0043382 0.018675
0.00642 0.94432 0.0058657 0.0051876 0.019589 0.002424 0.002424 0.0045221 0.0092474
0.035115 0.065361 0.026474 0.023147 0.54007 0.013215 0.013215 0.024361 0.25904
0.014011 0.032007 0.015965 0.011748 0.15883 0.0049751 0.0049751 0.011402 0.74608
0.026857 0.15008 0.02598 0.021992 0.53856 0.0091628 0.0091628 0.025201 0.19301
0.019892 0.036529 0.018998 0.015855 0.34084 0.0065819 0.0065819 0.017839 0.53689
0.01901 0.075944 0.017036 0.016056 0.62251 0.0067324 0.0067324 0.013531 0.22245
0.012685 0.83861 0.012761 0.015878 0.077047 0.0048181 0.0048181 0.009166 0.02422
0.010119 0.89966 0.0092251 0.009294 0.041349 0.0041028 0.0041028 0.007734 0.014413
0.012347 0.86848 0.012585 0.010944 0.055918 0.0060742 0.0060742 0.010641 0.016933
0.030191 0.10857 0.027628 0.032973 0.62995 0.027158 0.027158 0.028996 0.087383
0.0067995 0.011032 0.0061975 0.0048179 0.95172 0.0020237 0.0020237 0.0051388 0.010245
0.024849 0.034894 0.019517 0.017 0.40708 0.0071884 0.0071884 0.025461 0.45683
0.023965 0.081739 0.020603 0.018574 0.60148 0.0075961 0.0075961 0.017224 0.22123
0.019143 0.71067 0.019225 0.021845 0.13779 0.0067773 0.0067773 0.013225 0.064546
0.014114 0.024005 0.013394 0.011055 0.8098 0.0046704 0.0046704 0.01008 0.10821
0.044384 0.045933 0.022039 0.018438 0.18523 0.0078274 0.0078274 0.026846 0.64148
0.040625 0.18427 0.06166 0.048296 0.2524 0.039471 0.039471 0.040585 0.29322
0.035354 0.062354 0.03531 0.028136 0.59726 0.028047 0.028047 0.030735 0.15476
0.021433 0.75068 0.026966 0.023458 0.074487 0.021266 0.021266 0.021606 0.038843
0.0084728 0.015557 0.0093746 0.0066603 0.028988 0.0027919 0.0027919 0.0075908 0.91777
0.0065936 0.010556 0.0064514 0.0053269 0.93556 0.0022601 0.0022601 0.0045911 0.026398
0.02294 0.11672 0.020109 0.018896 0.71865 0.0067598 0.0067598 0.014952 0.074217
0.024868 0.68878 0.028083 0.033046 0.11978 0.024248 0.024248 0.027263 0.029686
0.040871 0.072924 0.036231 0.031987 0.47415 0.032371 0.032371 0.039513 0.23958
0.020618 0.039229 0.020433 0.018261 0.47771 0.0070815 0.0070815 0.018148 0.39144
0.020573 0.052261 0.015278 0.013578 0.79033 0.0055643 0.0055643 0.013486 0.083364
0.030453 0.17245 0.026908 0.026145 0.52894 0.0093804 0.0093804 0.025113 0.17124
0.029881 0.093076 0.024884 0.020022 0.64176 0.0080583 0.0080583 0.01965 0.15461
0.021353 0.74161 0.019959 0.021944 0.11576 0.011606 0.011606 0.019431 0.03673
0.0070143 0.011498 0.0074249 0.0059054 0.92768 0.0024464 0.0024464 0.0049431 0.030639
0.030993 0.042111 0.022643 0.018298 0.25451 0.0073751 0.0073751 0.019791 0.5969
0.0086727 0.91175 0.0077981 0.0099111 0.031227 0.0029924 0.0029924 0.0061711 0.018488
0.01622 0.8368 0.020047 0.016926 0.043738 0.015741 0.015741 0.015919 0.018865
0.022533 0.043197 0.029566 0.018914 0.56679 0.0073906 0.0073906 0.016917 0.2873
0.0080005 0.014353 0.0077291 0.0067115 0.92198 0.0027711 0.0027711 0.0072507 0.028436
0.053788 0.0583 0.035764 0.024741 0.5295 0.010179 0.010179 0.047134 0.23042
0.019773 0.78521 0.023196 0.022137 0.03695 0.018913 0.018913 0.019715 0.055186
0.026056 0.036221 0.028135 0.024993 0.63087 0.024909 0.024909 0.029527 0.17438
0.010862 0.018919 0.011146 0.0092101 0.066474 0.0043213 0.0043213 0.0089693 0.86578
0.020611 0.051391 0.021364 0.017319 0.50351 0.0072524 0.0072524 0.01819 0.35311
0.022346 0.043773 0.024727 0.018441 0.54551 0.0075324 0.0075324 0.021909 0.30823
0.023645 0.05568 0.027076 0.019968 0.55538 0.0079653 0.0079653 0.019168 0.28315
0.042807 0.048189 0.030032 0.020538 0.61156 0.008749 0.008749 0.041094 0.18829
0.018615 0.029242 0.022947 0.014837 0.19194 0.0061185 0.0061185 0.014145 0.69603
0.0066995 0.014407 0.006569 0.0054693 0.021525 0.002269 0.002269 0.004797 0.936
0.019694 0.028042 0.017688 0.012897 0.80268 0.0054053 0.0054053 0.013743 0.094443
0.0074497 0.015193 0.0075173 0.0062082 0.92957 0.0025717 0.0025717 0.0054708 0.02345
0.038432 0.086525 0.025601 0.020408 0.3067 0.0086251 0.0086251 0.019434 0.48565
0.012202 0.81884 0.011336 0.010527 0.10758 0.0043544 0.0043544 0.0086945 0.022104
0.01119 0.85496 0.011642 0.010207 0.074755 0.003941 0.003941 0.0080482 0.021315
0.027239 0.10115 0.046165 0.033709 0.10046 0.009594 0.009594 0.043656 0.62843
0.022266 0.49471 0.025844 0.024438 0.34846 0.007664 0.007664 0.01647 0.052487
0.021305 0.4781 0.019085 0.02085 0.37998 0.0072046 0.0072046 0.013729 0.05254
0.01023 0.88317 0.009469 0.0092759 0.054782 0.0035243 0.0035243 0.0076226 0.018405
0.034215 0.042337 0.039171 0.030247 0.32027 0.030232 0.030232 0.043119 0.43018
0.012072 0.01905 0.011951 0.008782 0.87463 0.0037034 0.0037034 0.008156 0.057954
0.033247 0.037824 0.034931 0.017716 0.11142 0.0074934 0.0074934 0.033802 0.71607
0.036433 0.045974 0.025436 0.018937 0.15309 0.0082037 0.0082037 0.049633 0.65409
0.041215 0.046466 0.038697 0.020794 0.25251 0.0089358 0.0089358 0.033661 0.54879
0.0075676 0.010755 0.0077955 0.0056103 0.021243 0.0023334 0.0023334 0.0060247 0.93634
0.014749 0.044943 0.014418 0.012605 0.094593 0.0050975 0.0050975 0.012189 0.79631
0.011452 0.015525 0.011541 0.0085607 0.079549 0.003517 0.003517 0.0085129 0.85783
0.012009 0.85751 0.0116 0.011215 0.061224 0.0041264 0.0041264 0.0083156 0.029875
0.014578 0.80868 0.012522 0.013987 0.10081 0.0049046 0.0049046 0.01022 0.029392
0.010033 0.88924 0.0090132 0.0087546 0.051226 0.0034398 0.0034398 0.0070195 0.017833
0.011521 0.88604 0.010171 0.013496 0.044079 0.0038263 0.0038263 0.0088636 0.018173
0.012217 0.88645 0.011498 0.013789 0.031013 0.0077967 0.0077967 0.010704 0.01874
0.016335 0.84147 0.018826 0.016158 0.032147 0.015379 0.015379 0.015852 0.028459
0.022725 0.042348 0.022759 0.018607 0.6285 0.010666 0.010666 0.019596 0.22414
0.011364 0.019007 0.011188 0.01059 0.084676 0.0038739 0.0038739 0.0081139 0.84731
0.024493 0.061867 0.026934 0.018016 0.2234 0.0074371 0.0074371 0.016981 0.61344
0.027235 0.047889 0.056633 0.02581 0.2801 0.0089549 0.0089549 0.021686 0.52273
0.0061499 0.010725 0.0059067 0.0052506 0.94881 0.0020669 0.0020669 0.005478 0.013545
0.02262 0.034423 0.028611 0.015855 0.11934 0.0066162 0.0066162 0.017463 0.74846
0.021786 0.057561 0.024151 0.01846 0.45268 0.0076334 0.0076334 0.016435 0.39366
0.022934 0.10637 0.02325 0.019447 0.57225 0.007825 0.007825 0.018267 0.22184
0.0067902 0.93738 0.0061868 0.0067721 0.021903 0.0025262 0.0025262 0.0051213 0.010792
0.016363 0.035422 0.018073 0.017841 0.13185 0.0057219 0.0057219 0.012691 0.75632
0.0063696 0.010992 0.005838 0.0051829 0.94281 0.0021813 0.0021813 0.0045918 0.019848
0.0088816 0.016356 0.0089963 0.0086496 0.91574 0.0030539 0.0030539 0.0074153 0.02785
0.0071755 0.013019 0.0070763 0.0060131 0.9303 0.0024876 0.0024876 0.0053039 0.026135
0.0087323 0.012569 0.0092301 0.0071416 0.048455 0.0029656 0.0029656 0.0079421 0.9
0.019796 0.1221 0.017513 0.016374 0.68629 0.0067853 0.0067853 0.013581 0.11077
0.019078 0.037124 0.019471 0.015654 0.19136 0.0064497 0.0064497 0.018669 0.68574
0.02256 0.058507 0.025824 0.018625 0.53033 0.0077773 0.0077773 0.018053 0.31054
0.024568 0.061545 0.032854 0.026055 0.33237 0.0083452 0.0083452 0.017992 0.48792
0.0090786 0.015345 0.0096321 0.0076031 0.90479 0.0030768 0.0030768 0.0065179 0.040884
0.0067809 0.012769 0.0077267 0.0057785 0.94071 0.0023544 0.0023544 0.0068835 0.014638
0.029775 0.03925 0.03129 0.017784 0.1563 0.007561 0.007561 0.029757 0.68072
0.02479 0.035477 0.027815 0.015812 0.16948 0.0067154 0.0067154 0.017815 0.69538
0.021337 0.052381 0.018916 0.019423 0.097513 0.0064379 0.0064379 0.016696 0.76086
0.0079404 0.92521 0.007303 0.0072967 0.024945 0.0035335 0.0035335 0.0063081 0.013926
0.017153 0.036154 0.033977 0.018628 0.093366 0.0059647 0.0059647 0.012185 0.77661
0.015036 0.045721 0.014898 0.016131 0.077533 0.0052473 0.0052473 0.010853 0.80933
0.014368 0.051035 0.015052 0.014826 0.073724 0.0050508 0.0050508 0.010993 0.8099
0.007523 0.0133 0.0078259 0.0062722 0.92159 0.0026478 0.0026478 0.0054576 0.032737
0.0065694 0.0093866 0.0054285 0.0047472 0.95313 0.0019674 0.0019674 0.0053287 0.011472
0.0066305 0.012296 0.0078851 0.0055983 0.94074 0.0023105 0.0023105 0.0058771 0.016348
0.013451 0.025506 0.018636 0.0099822 0.041601 0.0041963 0.0041963 0.010301 0.87213
0.011874 0.026035 0.011918 0.0092641 0.048685 0.0038628 0.0038628 0.0092945 0.8752
0.0098457 0.022128 0.011455 0.0082324 0.038633 0.0034481 0.0034481 0.0089717 0.89384
0.01064 0.027365 0.010045 0.0094315 0.066034 0.003753 0.003753 0.0079185 0.86106
0.013078 0.027092 0.012468 0.011235 0.1391 0.0045695 0.0045695 0.0092317 0.77866
0.0064341 0.01179 0.0058905 0.0051066 0.022589 0.0021612 0.0021612 0.0049863 0.93888
0.0061727 0.94376 0.0056768 0.0052955 0.019651 0.0021283 0.0021283 0.0043571 0.010827
0.014629 0.85017 0.015325 0.015011 0.042288 0.010213 0.010213 0.013578 0.028577
0.0070595 0.93603 0.0063324 0.0065226 0.022376 0.0024723 0.0024723 0.0053074 0.011428
0.018625 0.03837 0.026149 0.022519 0.041896 0.01837 0.01837 0.022254 0.79345
0.018576 0.036975 0.021112 0.017107 0.051332 0.01709 0.01709 0.019623 0.8011
0.022207 0.030727 0.017344 0.015715 0.46566 0.0066115 0.0066115 0.017121 0.41801
0.012997 0.020412 0.011258 0.0099153 0.13215 0.0041157 0.0041157 0.010313 0.79472
0.011411 0.88216 0.011981 0.012186 0.043826 0.003862 0.003862 0.0080775 0.02264
0.0094035 0.026724 0.0094118 0.0081056 0.043775 0.0033245 0.0033245 0.0068901 0.88904
0.0064458 0.93991 0.0058382 0.0059089 0.021832 0.0022351 0.0022351 0.0046145 0.010978
0.0074254 0.93117 0.0066854 0.0064702 0.025138 0.0027004 0.0027004 0.0056781 0.012031
0.028771 0.044913 0.031673 0.023317 0.31201 0.015691 0.015691 0.032194 0.49574
0.028758 0.040235 0.040548 0.019761 0.16806 0.0083548 0.0083548 0.031632 0.6543
0.010273 0.01576 0.011479 0.0079947 0.051486 0.0033455 0.0033455 0.010456 0.88586
0.013773 0.02637 0.012428 0.012835 0.055761 0.0043605 0.0043605 0.010608 0.8595
0.02918 0.29296 0.026452 0.028631 0.46331 0.0094588 0.0094588 0.027686 0.11286
0.012557 0.84396 0.011411 0.01384 0.064808 0.0043425 0.0043425 0.0084848 0.036258
0.013227 0.019696 0.014211 0.010187 0.060435 0.004251 0.004251 0.013267 0.86048
0.028074 0.041241 0.032147 0.017786 0.16547 0.0075955 0.0075955 0.024833 0.67526
0.0075997 0.016266 0.0077026 0.0063406 0.021037 0.0026146 0.0026146 0.0067239 0.9291
0.023484 0.068398 0.017357 0.017945 0.12347 0.0066894 0.0066894 0.018539 0.71743
0.015495 0.81881 0.014569 0.015808 0.069202 0.0060671 0.0060671 0.013224 0.040754
0.013652 0.85694 0.013451 0.015114 0.03689 0.0080649 0.0080649 0.011889 0.035939
0.012547 0.023188 0.014142 0.012548 0.025645 0.01248 0.01248 0.014489 0.87248
0.0071956 0.013078 0.0077295 0.0059882 0.022222 0.002398 0.002398 0.0056398 0.93335
0.010957 0.8734 0.010267 0.010475 0.052993 0.0038579 0.0038579 0.0079776 0.026217
0.011175 0.87607 0.0099964 0.010188 0.048368 0.0038946 0.0038946 0.008465 0.027947
0.036654 0.124 0.047847 0.051869 0.068069 0.03232 0.03232 0.042103 0.56482
0.0065393 0.011612 0.0071302 0.0055491 0.94036 0.0022765 0.0022765 0.0049036 0.019356
0.011129 0.016102 0.012297 0.008367 0.043718 0.0034973 0.0034973 0.0093803 0.89201
0.0053078 0.0084734 0.0054334 0.0046906 0.023093 0.0018803 0.0018803 0.0038622 0.94538
0.01342 0.029408 0.01319 0.011287 0.07378 0.0044943 0.0044943 0.011768 0.83816
0.0137 0.023106 0.015309 0.013361 0.031068 0.013408 0.013408 0.016322 0.86032
0.0066568 0.010658 0.0065315 0.0055614 0.022255 0.0026254 0.0026254 0.0053399 0.93775
0.018738 0.031365 0.018807 0.015859 0.6127 0.0064535 0.0064535 0.017896 0.27173
0.025145 0.080132 0.028043 0.022476 0.40273 0.0084684 0.0084684 0.018003 0.40654
0.017975 0.045327 0.02389 0.02342 0.02859 0.016923 0.016923 0.020141 0.80681
0.010519 0.035187 0.010114 0.0092856 0.047185 0.0037176 0.0037176 0.008379 0.8719
0.010521 0.017963 0.010614 0.0083737 0.060953 0.0035491 0.0035491 0.0078445 0.87663
0.0082748 0.013972 0.0094794 0.0068207 0.92745 0.0027005 0.0027005 0.0069856 0.021615
0.015844 0.024896 0.018663 0.016898 0.13156 0.0054186 0.0054186 0.013378 0.76793
0.013365 0.021527 0.013844 0.01122 0.091219 0.0044437 0.0044437 0.013252 0.82668
0.02052 0.039811 0.020401 0.017351 0.21637 0.0067334 0.0067334 0.01991 0.65217
0.0059267 0.0097108 0.00612 0.0050977 0.01544 0.0020404 0.0020404 0.0054458 0.94818
0.010388 0.022369 0.0097107 0.0086279 0.052683 0.0036147 0.0036147 0.0087807 0.88021
0.0092187 0.020987 0.0090012 0.0076758 0.05487 0.0032371 0.0032371 0.0069586 0.88481
0.011933 0.021625 0.015607 0.0097509 0.87206 0.0040401 0.0040401 0.010181 0.050764
0.025003 0.10877 0.023725 0.021972 0.3789 0.0085988 0.0085988 0.023733 0.40071
0.0047194 0.0077867 0.0049243 0.0039542 0.010406 0.0016403 0.0016403 0.0043492 0.96058
0.018907 0.04695 0.022958 0.02446 0.031745 0.01781 0.01781 0.022334 0.79703
0.012993 0.022493 0.013511 0.010549 0.070806 0.004408 0.004408 0.012688 0.84814
0.011427 0.021945 0.010122 0.0089042 0.053832 0.0036074 0.0036074 0.0084177 0.87814
0.022851 0.060967 0.041533 0.025251 0.061788 0.007728 0.007728 0.034145 0.73801
0.0077363 0.010922 0.01053 0.0080667 0.010603 0.0077038 0.0077038 0.0088919 0.92784
0.010913 0.015886 0.01292 0.010834 0.018782 0.010947 0.010947 0.015025 0.89375
0.0076914 0.011677 0.0088887 0.0076382 0.011707 0.0077413 0.0077413 0.0087733 0.92814
0.0085223 0.020403 0.0076667 0.0072593 0.031355 0.002988 0.002988 0.0066583 0.91216
0.018676 0.024497 0.027391 0.012786 0.055797 0.0054255 0.0054255 0.019811 0.83019
0.011138 0.024863 0.010547 0.01056 0.057653 0.00387 0.00387 0.009278 0.86822
0.017091 0.061693 0.015317 0.02094 0.06659 0.0057462 0.0057462 0.012007 0.79487
0.0096506 0.012749 0.012812 0.011478 0.018428 0.0095548 0.0095548 0.010299 0.90547
0.0090193 0.015446 0.0088296 0.0075395 0.042139 0.0031476 0.0031476 0.0085993 0.90213
0.024081 0.032605 0.021433 0.017459 0.50489 0.0072014 0.0072014 0.021593 0.36354
0.016693 0.022203 0.013486 0.011419 0.84128 0.0047281 0.0047281 0.015691 0.069774
0.0070374 0.011443 0.006569 0.0057109 0.022162 0.0023857 0.0023857 0.0069792 0.93533
0.0058927 0.0089173 0.0054307 0.0048103 0.015386 0.0019805 0.0019805 0.005536 0.95007
0.0075686 0.010821 0.009336 0.0067656 0.02183 0.0024319 0.0024319 0.0067259 0.93209
0.019073 0.050065 0.017981 0.017257 0.069337 0.0060065 0.0060065 0.020758 0.79352
0.037352 0.12304 0.055418 0.083905 0.14764 0.012509 0.012509 0.051105 0.47652
0.0078751 0.017247 0.0089114 0.0072311 0.021675 0.002663 0.002663 0.0063012 0.92543
0.0049317 0.011088 0.0047031 0.0043111 0.012064 0.0018074 0.0018074 0.0035064 0.95578
0.011758 0.028577 0.014733 0.014183 0.023696 0.0077961 0.0077961 0.012115 0.87935
0.03434 0.097332 0.044464 0.06929 0.13257 0.011559 0.011559 0.056431 0.54245
0.018067 0.050985 0.016885 0.030891 0.062686 0.005986 0.005986 0.01517 0.79334
0.020419 0.026633 0.055274 0.023699 0.036552 0.020246 0.020246 0.036066 0.76087
0.0076213 0.013496 0.0073222 0.0062246 0.024771 0.0026676 0.0026676 0.0070825 0.92815
0.0092478 0.0154 0.010801 0.0077644 0.037884 0.003177 0.003177 0.0087033 0.90385
0.035308 0.089817 0.093439 0.043811 0.1134 0.011968 0.011968 0.07955 0.52074
0.0068643 0.015618 0.0067331 0.0058834 0.017835 0.0023433 0.0023433 0.0049126 0.93747
0.014482 0.023344 0.015262 0.011788 0.10111 0.0048659 0.0048659 0.01449 0.8098
0.0051877 0.0086715 0.0056013 0.0043443 0.011805 0.0018142 0.0018142 0.0050023 0.95576
0.037836 0.22962 0.044007 0.081024 0.12504 0.011833 0.011833 0.032413 0.4264
0.012172 0.037177 0.014916 0.014542 0.035176 0.0042437 0.0042437 0.011013 0.86652
0.011355 0.017005 0.015295 0.010157 0.070838 0.0039241 0.0039241 0.0098642 0.85764
0.016304 0.030283 0.016781 0.013522 0.11013 0.0053637 0.0053637 0.01746 0.78479
0.018716 0.060543 0.024431 0.01653 0.065393 0.0062659 0.0062659 0.020028 0.78183
0.035712 0.14725 0.04635 0.042012 0.15326 0.011089 0.011089 0.040417 0.51282
0.020263 0.025752 0.014144 0.012927 0.77068 0.0053824 0.0053824 0.013916 0.13156
0.0082102 0.011561 0.0061223 0.005524 0.94152 0.0023066 0.0023066 0.0064493 0.016
0.0096133 0.014787 0.010293 0.0083425 0.058912 0.0033475 0.0033475 0.0087026 0.88265
0.027353 0.11739 0.028078 0.027905 0.22659 0.0092571 0.0092571 0.026529 0.52764
0.0052564 0.009891 0.0055508 0.0045517 0.012774 0.001827 0.001827 0.0045522 0.95377
0.010617 0.017065 0.011247 0.009722 0.027565 0.0064514 0.0064514 0.012591 0.89829
0.016279 0.022711 0.019102 0.011948 0.048411 0.0050097 0.0050097 0.022516 0.84901
0.02359 0.050984 0.035143 0.027414 0.11199 0.0077685 0.0077685 0.025285 0.71006
0.0086327 0.014735 0.0085924 0.0070653 0.03144 0.0029219 0.0029219 0.007735 0.91596
0.024245 0.036921 0.056065 0.021744 0.058125 0.009902 0.009902 0.083343 0.69975
0.0049501 0.0087679 0.005432 0.004358 0.010328 0.0020593 0.0020593 0.0041765 0.95787
0.0097727 0.011384 0.014272 0.012077 0.015396 0.0096536 0.0096536 0.011269 0.90652
0.0028831 0.0069273 0.013225 0.0068477 0.0065445 0.0028445 0.0028445 0.0082898 0.94959
0.0035961 0.0085636 0.011236 0.0081821 0.0096142 0.0035848 0.0035848 0.0091393 0.9425
0.0065661 0.011968 0.0075344 0.0053596 0.018712 0.0022668 0.0022668 0.005583 0.93974
0.0073829 0.011785 0.0092478 0.0062248 0.022229 0.0025298 0.0025298 0.0059858 0.93208
0.0080565 0.01253 0.0070748 0.006037 0.93329 0.0025045 0.0025045 0.006187 0.021816
0.007591 0.010889 0.0062301 0.0055177 0.94172 0.0022687 0.0022687 0.0059595 0.017557
0.010486 0.01835 0.01114 0.0081714 0.041578 0.0034139 0.0034139 0.0091831 0.89426
0.01368 0.022837 0.013414 0.011028 0.033466 0.004342 0.004342 0.024267 0.87262
0.0078502 0.012923 0.0080927 0.0065192 0.02262 0.0027097 0.0027097 0.010475 0.9261
0.0022983 0.0076077 0.021486 0.0093244 0.0065514 0.002291 0.002291 0.011272 0.93688
0.0029437 0.011675 0.025921 0.010505 0.0061679 0.0028889 0.0028889 0.015732 0.92128
0.0052575 0.00834 0.0055535 0.0042868 0.011164 0.0017581 0.0017581 0.0045853 0.9573
0.007832 0.012456 0.010898 0.0062918 0.020706 0.0026393 0.0026393 0.0070456 0.92949
0.014482 0.020518 0.021606 0.010582 0.038898 0.004478 0.004478 0.015752 0.86921
0.0014035 0.0049046 0.010869 0.0061427 0.0030048 0.0014124 0.0014124 0.0056302 0.96522
0.006604 0.0096569 0.0073168 0.0052309 0.016734 0.0021777 0.0021777 0.0058863 0.94422
0.036114 0.041578 0.023989 0.020386 0.53426 0.0082739 0.0082739 0.024299 0.30283
0.011013 0.019668 0.0097878 0.0095842 0.90418 0.0034179 0.0034179 0.0090979 0.029835
0.014936 0.020646 0.011583 0.010292 0.85792 0.0042739 0.0042739 0.01208 0.064
0.0069092 0.010524 0.0056178 0.0049746 0.94968 0.0020604 0.0020604 0.0057184 0.012456
0.011784 0.025095 0.011995 0.0089145 0.89729 0.0036902 0.0036902 0.010402 0.027143
0.0082745 0.014555 0.012807 0.0080277 0.016199 0.0031872 0.0031872 0.0092458 0.92452
0.0046938 0.0072317 0.0061045 0.0041747 0.0091098 0.0021853 0.0021853 0.0037788 0.96054
0.0022846 0.0087282 0.017308 0.008903 0.0050305 0.0022215 0.0022215 0.011256 0.94205
0.011893 0.01936 0.012304 0.01068 0.04513 0.0066224 0.0066224 0.013845 0.87354
0.006015 0.010333 0.0078638 0.0048461 0.015531 0.0020627 0.0020627 0.0048994 0.94639
0.028755 0.039124 0.028001 0.019303 0.32062 0.0081225 0.0081225 0.026147 0.52181
0.0075015 0.01215 0.0070639 0.0054066 0.94366 0.0022332 0.0022332 0.0052176 0.01453
0.00816 0.01344 0.0079274 0.006866 0.029092 0.0027906 0.0027906 0.0090576 0.91988
0.009731 0.02075 0.012033 0.008834 0.028311 0.0033295 0.0033295 0.0072801 0.9064
0.0049938 0.0085822 0.005535 0.0048962 0.016675 0.0017578 0.0017578 0.0038564 0.95195
0.015587 0.034528 0.022347 0.014092 0.087175 0.0052799 0.0052799 0.013197 0.80251
0.0067373 0.0098116 0.0067792 0.0054846 0.017972 0.0021827 0.0021827 0.005955 0.94289
0.011264 0.022112 0.013547 0.0095059 0.028387 0.0054487 0.0054487 0.0099643 0.89432
0.019283 0.047445 0.030184 0.02452 0.077003 0.0067757 0.0067757 0.021829 0.76619
0.010488 0.015838 0.011446 0.008882 0.033522 0.0034959 0.0034959 0.016226 0.89661
0.0077956 0.013795 0.0083164 0.00693 0.01878 0.0027194 0.0027194 0.011929 0.92701
0.012558 0.021535 0.019935 0.012508 0.034676 0.0045225 0.0045225 0.020274 0.86947
0.0016272 0.0057815 0.0095414 0.0062198 0.0042478 0.0015867 0.0015867 0.0069769 0.96243
0.0012983 0.0045849 0.0087701 0.00519 0.00282 0.0013022 0.0013022 0.0057547 0.96898
0.002661 0.011438 0.016023 0.011454 0.0084052 0.002657 0.002657 0.01238 0.93232
0.0048503 0.0096789 0.013825 0.0094016 0.0083025 0.0047702 0.0047702 0.018363 0.92604
0.0068295 0.011063 0.016628 0.010875 0.013523 0.0066321 0.0066321 0.01759 0.91023
0.0055187 0.0083382 0.0063186 0.0045812 0.016603 0.001926 0.001926 0.0042066 0.95058
0.027028 0.03827 0.023664 0.020399 0.23981 0.0081688 0.0081688 0.034348 0.60014
0.01248 0.026692 0.015264 0.014397 0.058618 0.0043163 0.0043163 0.010306 0.85361
0.0051988 0.0082275 0.0054797 0.0044273 0.011908 0.0018325 0.0018325 0.0066439 0.95445
0.0019514 0.006956 0.012265 0.0076516 0.004688 0.0018993 0.0018993 0.010829 0.95186
0.0019087 0.0067061 0.012074 0.0073312 0.0043673 0.0018515 0.0018515 0.01001 0.9539
0.0029508 0.0090752 0.015528 0.0093273 0.0059519 0.0029268 0.0029268 0.017542 0.93377
0.0071917 0.0148 0.0069923 0.0061725 0.018723 0.0032476 0.0032476 0.0056463 0.93398
0.0070821 0.011562 0.0085874 0.0052281 0.017168 0.0022527 0.0022527 0.0050409 0.94083
0.0054808 0.0091737 0.0050476 0.0045315 0.016732 0.0019034 0.0019034 0.0041934 0.95103
0.0075065 0.011526 0.006322 0.0055244 0.94149 0.0022927 0.0022927 0.0060345 0.01701
0.0077284 0.011008 0.0078969 0.0060199 0.029527 0.0025166 0.0025166 0.0059908 0.9268
0.0097677 0.021858 0.0095094 0.011253 0.043492 0.0034264 0.0034264 0.007828 0.88944
0.010927 0.017577 0.012032 0.0092159 0.028289 0.0037888 0.0037888 0.023262 0.89112
0.001696 0.0057278 0.010407 0.0064934 0.0042271 0.0016522 0.0016522 0.0074918 0.96065
0.0034513 0.0092566 0.012375 0.0086171 0.0077288 0.0032758 0.0032758 0.010828 0.94119
0.006418 0.011211 0.0062647 0.0065733 0.017142 0.0022098 0.0022098 0.0047293 0.94324
0.0091314 0.016857 0.011886 0.0078688 0.032625 0.0031175 0.0031175 0.00758 0.90782
0.015715 0.035963 0.021144 0.018554 0.080764 0.0054812 0.0054812 0.013633 0.80326
0.032647 0.086845 0.047168 0.046605 0.20231 0.011453 0.011453 0.054431 0.50708
0.0017548 0.006114 0.012464 0.0075142 0.003465 0.0017378 0.0017378 0.0097854 0.95543
0.0018805 0.0067009 0.011879 0.0072258 0.004486 0.0018295 0.0018295 0.0093464 0.95482
0.0018847 0.0065171 0.011045 0.0071433 0.005281 0.0018348 0.0018348 0.0086552 0.9558
0.0021424 0.0082344 0.016664 0.00914 0.0047876 0.00211 0.00211 0.0098329 0.94498
0.0085058 0.010375 0.011676 0.008449 0.011711 0.0084315 0.0084315 0.011389 0.92103
0.01502 0.047159 0.017208 0.013161 0.063406 0.0059245 0.0059245 0.012335 0.81986
0.0087509 0.012904 0.0072378 0.0063667 0.92877 0.0026544 0.0026544 0.0077184 0.022948
0.0066636 0.0095328 0.0068646 0.00526 0.01932 0.0021859 0.0021859 0.0065693 0.94142
0.013332 0.027403 0.013545 0.010352 0.066601 0.0042141 0.0042141 0.010296 0.85004
0.0019579 0.0072569 0.012677 0.0086132 0.0051836 0.0019198 0.0019198 0.0084773 0.95199
0.0026382 0.0093591 0.016837 0.010026 0.0086153 0.0025587 0.0025587 0.01262 0.93479
0.0029886 0.0089536 0.015909 0.0095454 0.0071634 0.0024274 0.0024274 0.011218 0.93937
0.0031549 0.011245 0.021971 0.012271 0.010655 0.0031165 0.0031165 0.020038 0.91443
0.009931 0.012816 0.0079576 0.0069883 0.019791 0.0036767 0.0036767 0.0076186 0.92754
0.0064982 0.012009 0.0068917 0.0052025 0.020824 0.002226 0.002226 0.0048201 0.9393
0.0088135 0.015759 0.010267 0.0070081 0.027123 0.0029117 0.0029117 0.0075987 0.91761
0.0083695 0.02616 0.13887 0.035187 0.020214 0.0083454 0.0083454 0.4428 0.31171
0.0027568 0.0094323 0.021216 0.010666 0.0094712 0.0027139 0.0027139 0.012617 0.92841
0.0019986 0.0071571 0.011616 0.0073087 0.0051259 0.0019972 0.0019972 0.0086166 0.95418
0.026115 0.036354 0.021198 0.017926 0.24428 0.0075747 0.0075747 0.034401 0.60457
0.0095039 0.016875 0.011938 0.007903 0.032294 0.0032814 0.0032814 0.011971 0.90295
0.02381 0.073113 0.042951 0.02829 0.10082 0.0084287 0.0084287 0.030218 0.68394
0.03245 0.09424 0.036967 0.029243 0.17052 0.010923 0.010923 0.094933 0.5198
0.024751 0.070213 0.028703 0.02114 0.18688 0.0083984 0.0083984 0.032771 0.61874
0.010882 0.022166 0.012407 0.0092038 0.0406 0.0037377 0.0037377 0.012514 0.88475
0.019197 0.033704 0.046753 0.018347 0.047275 0.0068438 0.0068438 0.048804 0.77223
0.014295 0.021399 0.015439 0.012961 0.020812 0.0088844 0.0088844 0.018184 0.87914
0.011405 0.016101 0.014249 0.011015 0.022708 0.0034414 0.0034414 0.010818 0.90682
0.013375 0.021422 0.017217 0.012088 0.034286 0.0047457 0.0047457 0.033615 0.85851
0.0056788 0.0096246 0.0057302 0.0048695 0.013579 0.0018813 0.0018813 0.0042353 0.95252
0.02034 0.030397 0.020327 0.019367 0.14081 0.0073958 0.0073958 0.022043 0.73193
0.030606 0.087641 0.036462 0.035103 0.20007 0.011462 0.011462 0.056043 0.53115
0.021413 0.035454 0.043556 0.019961 0.044391 0.0074998 0.0074998 0.10369 0.71654
0.026481 0.043565 0.1161 0.027057 0.056323 0.010981 0.010981 0.068976 0.63954
0.01279 0.025822 0.01886 0.012126 0.027783 0.0054365 0.0054365 0.025473 0.86627
0.002024 0.0066897 0.012548 0.0078424 0.0064291 0.0019925 0.0019925 0.0092617 0.95122
0.0066583 0.012789 0.0066657 0.005509 0.019123 0.0023562 0.0023562 0.0065899 0.93795
0.0058661 0.011772 0.0061716 0.0048749 0.015568 0.0020587 0.0020587 0.0049559 0.94667
0.0095892 0.013996 0.0086409 0.006575 0.020727 0.0027434 0.0027434 0.008618 0.92637
0.031278 0.08368 0.03163 0.031816 0.33646 0.0097991 0.0097991 0.03312 0.43241
0.010034 0.017067 0.012528 0.0079482 0.027179 0.003387 0.003387 0.010041 0.90843
0.0070084 0.013391 0.0067342 0.0056024 0.024057 0.0024076 0.0024076 0.005809 0.93258
0.018398 0.028756 0.024068 0.015844 0.11148 0.00696 0.00696 0.024354 0.76318
0.033156 0.10586 0.056932 0.049387 0.1698 0.011966 0.011966 0.039799 0.52113
0.031568 0.10608 0.048995 0.046255 0.13748 0.011613 0.011613 0.042132 0.56425
0.0037903 0.012209 0.035635 0.012779 0.0071996 0.0037861 0.0037861 0.027407 0.89341
0.0067297 0.010909 0.0063763 0.0052863 0.01743 0.0024208 0.0024208 0.0049061 0.94352
0.022681 0.05965 0.025577 0.019498 0.71862 0.0076718 0.0076718 0.029006 0.10963
0.011404 0.016169 0.012587 0.0091176 0.025203 0.0038302 0.0038302 0.010158 0.9077
0.032276 0.090003 0.05039 0.042042 0.18311 0.011552 0.011552 0.05625 0.52283
0.038606 0.1428 0.074113 0.045013 0.19773 0.013119 0.013119 0.066484 0.40901
0.022828 0.029656 0.089206 0.022389 0.038062 0.013645 0.013645 0.071373 0.6992
0.0062336 0.01338 0.043913 0.014334 0.0098692 0.006255 0.006255 0.037194 0.86257
0.0017536 0.0066469 0.011112 0.0068512 0.0040461 0.0017404 0.0017404 0.008245 0.95786
0.0064141 0.012184 0.0071244 0.0058106 0.016555 0.0022309 0.0022309 0.0053894 0.94206
0.0025579 0.0090261 0.016077 0.010044 0.0087362 0.0025628 0.0025628 0.014559 0.93387
0.022221 0.035766 0.037691 0.018352 0.11448 0.007452 0.007452 0.031229 0.72536
0.0097183 0.014817 0.012222 0.0067697 0.017227 0.0028436 0.0028436 0.0082097 0.92535
0.0061244 0.01916 0.092146 0.025518 0.013405 0.0060105 0.0060105 0.082066 0.74956
0.011188 0.019203 0.01218 0.0096069 0.028302 0.0051579 0.0051579 0.012317 0.89689
0.011874 0.070508 0.11221 0.052332 0.051149 0.011414 0.011414 0.22111 0.45799
0.0048834 0.014955 0.040184 0.019267 0.012768 0.0048153 0.0048153 0.086474 0.81184
0.0023604 0.0079867 0.015105 0.0088528 0.0057349 0.0022348 0.0022348 0.011873 0.94362
0.0022023 0.0088734 0.013141 0.0084065 0.0071421 0.0021622 0.0021622 0.010363 0.94555
0.0031251 0.011816 0.01756 0.0096205 0.0076534 0.0029328 0.0029328 0.011351 0.93301
0.026147 0.030851 0.029176 0.02081 0.16717 0.012519 0.012519 0.037222 0.66359
0.010643 0.042998 0.12643 0.056027 0.031657 0.010122 0.010122 0.44083 0.27118
0.011602 0.064601 0.099194 0.051419 0.049139 0.011454 0.011454 0.27285 0.42829
0.012422 0.033404 0.21114 0.037727 0.030372 0.012075 0.012075 0.44047 0.21032
0.0024086 0.0092589 0.013967 0.0084078 0.0047043 0.002153 0.002153 0.011294 0.94565
0.0023926 0.0080732 0.015945 0.0082193 0.0056577 0.0021202 0.0021202 0.0090648 0.94641
0.0043586 0.010097 0.017337 0.010477 0.011098 0.0041064 0.0041064 0.012726 0.92569
0.011216 0.014901 0.013236 0.0090598 0.022894 0.0057119 0.0057119 0.01163 0.90564
0.0060303 0.013753 0.018867 0.012321 0.011374 0.0056562 0.0056562 0.022359 0.90398
0.02668 0.041311 0.02684 0.024833 0.36141 0.0086863 0.0086863 0.028108 0.47345
0.011815 0.013941 0.0084323 0.0069208 0.024899 0.0030818 0.0030818 0.0064557 0.92137
0.0075248 0.0097821 0.0058464 0.0051626 0.018433 0.0023735 0.0023735 0.0052867 0.94322
0.0062882 0.0087203 0.0051379 0.004183 0.0085419 0.0019304 0.0019304 0.0048122 0.95846
0.011362 0.02375 0.01178 0.0096041 0.046054 0.0042692 0.0042692 0.01085 0.87806
0.042375 0.11185 0.097126 0.038322 0.23752 0.014486 0.014486 0.19311 0.25073
0.013839 0.098939 0.15364 0.079069 0.061664 0.0134 0.0134 0.30098 0.26507
0.0065766 0.019204 0.67701 0.026469 0.013594 0.0064994 0.0064994 0.1676 0.076553
0.023472 0.036156 0.040981 0.020476 0.11868 0.010132 0.010132 0.036081 0.70389
0.020987 0.05787 0.023692 0.01999 0.086225 0.0065538 0.0065538 0.01663 0.7615
0.01775 0.042897 0.020336 0.015084 0.093922 0.0059562 0.0059562 0.020506 0.77759
0.036 0.14205 0.052881 0.043452 0.29128 0.012577 0.012577 0.059745 0.34943
0.0021954 0.0075288 0.014761 0.0083104 0.0056282 0.0021148 0.0021148 0.010596 0.94675
0.0015104 0.0045769 0.010286 0.0053393 0.0026754 0.0014829 0.0014829 0.0066934 0.96595
0.0020666 0.0064492 0.0099967 0.0061177 0.0036334 0.0020471 0.0020471 0.0076037 0.96004
0.0034832 0.01129 0.012064 0.0083337 0.0066945 0.0031622 0.0031622 0.00956 0.94225
0.014183 0.017095 0.011471 0.0093836 0.065458 0.00414 0.00414 0.0089774 0.86515
0.012144 0.024446 0.01281 0.010346 0.057029 0.0050124 0.0050124 0.010944 0.86226
0.034479 0.12991 0.053226 0.038896 0.51209 0.011759 0.011759 0.066472 0.14141
0.0092188 0.025373 0.19631 0.032445 0.015974 0.0090367 0.0090367 0.56662 0.13598
0.0056418 0.020728 0.047627 0.017627 0.012756 0.0046031 0.0046031 0.025875 0.86054
0.0026744 0.0082439 0.015821 0.010035 0.0079242 0.0025444 0.0025444 0.015598 0.93461
0.0059087 0.016252 0.13357 0.022807 0.010135 0.0056667 0.0056667 0.73684 0.063154
0.0066834 0.035209 0.018581 0.01496 0.011005 0.0064517 0.0064517 0.015881 0.88478
0.013072 0.016769 0.014138 0.0082684 0.023124 0.0037685 0.0037685 0.010226 0.90687
0.041702 0.10042 0.073936 0.040599 0.1622 0.013926 0.013926 0.26044 0.29286
0.019931 0.041339 0.38083 0.046005 0.045621 0.02005 0.02005 0.14952 0.27666
0.007808 0.011844 0.0078047 0.0063837 0.035859 0.0026993 0.0026993 0.0061029 0.9188
0.0067306 0.009022 0.0075486 0.0058676 0.017181 0.0032255 0.0032255 0.0067918 0.94041
0.007953 0.010998 0.0069247 0.0056242 0.015758 0.0025364 0.0025364 0.005723 0.94195
0.054301 0.16342 0.079351 0.050157 0.21048 0.015029 0.015029 0.10719 0.30504
0.013487 0.034541 0.35261 0.041406 0.034144 0.013078 0.013078 0.41096 0.086696
0.0066709 0.020479 0.28349 0.026996 0.015292 0.0066546 0.0066546 0.57401 0.05976
0.0042494 0.012877 0.040403 0.01691 0.0084117 0.0041525 0.0041525 0.076911 0.83193
0.0036721 0.013862 0.024111 0.013999 0.011758 0.0034613 0.0034613 0.024321 0.90135
0.025363 0.032223 0.026909 0.018608 0.26585 0.0086552 0.0086552 0.027036 0.5867
0.01052 0.015523 0.010628 0.0084133 0.049823 0.0036862 0.0036862 0.010935 0.88678
0.0063153 0.019006 0.20982 0.024615 0.013198 0.0062424 0.0062424 0.66419 0.050367
0.0025309 0.0084266 0.01553 0.009754 0.0086071 0.0024772 0.0024772 0.013832 0.93636
0.0028801 0.010585 0.029477 0.011377 0.0058182 0.0028688 0.0028688 0.020938 0.91319
0.0051322 0.007727 0.0054865 0.0041057 0.01185 0.0017321 0.0017321 0.0048645 0.95737
0.038822 0.14468 0.061084 0.051581 0.27197 0.013645 0.013645 0.080329 0.32424
0.04415 0.18238 0.079588 0.055236 0.16172 0.015559 0.015559 0.14545 0.30035
0.00539 0.017632 0.77347 0.024416 0.013358 0.00536 0.00536 0.1096 0.045408
0.011262 0.039309 0.48534 0.045564 0.030327 0.011019 0.011019 0.20447 0.16169
0.0020091 0.0064838 0.017247 0.0084319 0.0048654 0.0020061 0.0020061 0.010738 0.94621
0.003924 0.0112 0.05587 0.014621 0.0071089 0.0038392 0.0038392 0.03508 0.86452
0.0026615 0.014856 0.01625 0.010826 0.0055632 0.0025472 0.0025472 0.01254 0.93221
0.0021533 0.0093541 0.013289 0.0080077 0.0046263 0.0020544 0.0020544 0.010319 0.94814
0.018681 0.020023 0.013555 0.011205 0.083752 0.0049802 0.0049802 0.012383 0.83044
0.0067082 0.008616 0.0056217 0.0046038 0.013391 0.0020781 0.0020781 0.0045025 0.9524
0.042344 0.18067 0.052887 0.042501 0.23999 0.01283 0.01283 0.057873 0.35808
0.049273 0.13625 0.074553 0.051808 0.20162 0.014983 0.014983 0.1656 0.29093
0.0057784 0.017826 0.47801 0.023537 0.011058 0.0057725 0.0057725 0.41871 0.033541
0.0048222 0.014779 0.16908 0.019706 0.0091073 0.0047544 0.0047544 0.74463 0.028362
0.0026733 0.010745 0.01882 0.0102 0.0075063 0.0025693 0.0025693 0.012578 0.93234
0.0019473 0.0068074 0.012104 0.0075858 0.0042867 0.0018636 0.0018636 0.0099914 0.95355
0.0073375 0.011941 0.0078739 0.0061375 0.020726 0.0025678 0.0025678 0.009458 0.93139
0.011729 0.014031 0.013772 0.0085346 0.018802 0.0047734 0.0047734 0.011242 0.91234
0.0039056 0.012057 0.10594 0.015447 0.0075383 0.0039184 0.0039184 0.82258 0.02469
0.0026851 0.0083732 0.018762 0.010349 0.008015 0.002597 0.002597 0.01532 0.9313
0.0020896 0.006648 0.012302 0.0080702 0.0069062 0.0020402 0.0020402 0.010043 0.94986
0.0027261 0.009644 0.023968 0.0099683 0.0059348 0.0025732 0.0025732 0.014233 0.92838
0.0092853 0.027796 0.093686 0.037537 0.033813 0.0086027 0.0086027 0.23857 0.54211
0.0023091 0.0075022 0.017006 0.0086931 0.0050701 0.0022186 0.0022186 0.014264 0.94072
0.0028067 0.0089443 0.023849 0.011462 0.0093246 0.002818 0.002818 0.017669 0.92031
0.003339 0.010091 0.034603 0.01307 0.0064687 0.0032971 0.0032971 0.038175 0.88766
0.0020151 0.0063798 0.012247 0.0076706 0.0047964 0.0019653 0.0019653 0.012308 0.95065
0.0073029 0.022108 0.58988 0.03289 0.019453 0.0072674 0.0072674 0.23639 0.077433
0.0043179 0.012953 0.71367 0.016965 0.007448 0.004287 0.004287 0.21512 0.020952
0.0036662 0.011192 0.078225 0.014615 0.0064775 0.0036568 0.0036568 0.85227 0.026243
0.0034858 0.010574 0.055915 0.013802 0.0071189 0.0034748 0.0034748 0.87355 0.028609
0.0034756 0.010693 0.060492 0.013482 0.0065439 0.0034739 0.0034739 0.86773 0.030638
0.0047402 0.015558 0.069283 0.019874 0.0098343 0.0046742 0.0046742 0.82076 0.050606
0.0020266 0.0076851 0.015247 0.0082571 0.0045599 0.0020249 0.0020249 0.010808 0.94737
0.002409 0.0090339 0.015989 0.010451 0.0073421 0.0023569 0.0023569 0.010467 0.93959
0.0015548 0.0051433 0.013999 0.0060606 0.0029137 0.001546 0.001546 0.0086208 0.95862
0.0047158 0.014433 0.76492 0.018679 0.0097169 0.004722 0.004722 0.14586 0.032226
0.0034971 0.010862 0.032051 0.013118 0.0093237 0.0033668 0.0033668 0.02171 0.9027
0.0047367 0.025439 0.029668 0.017768 0.017028 0.0045523 0.0045523 0.029108 0.86715
0.040753 0.15427 0.055823 0.05273 0.2728 0.013056 0.013056 0.049163 0.34835
0.0070488 0.023791 0.069136 0.030389 0.038822 0.0068694 0.0068694 0.056277 0.7608
0.0029542 0.0096884 0.026712 0.011672 0.0095276 0.0029245 0.0029245 0.014889 0.91871
0.0032155 0.010566 0.032992 0.012548 0.0097113 0.0031211 0.0031211 0.014448 0.91028
0.0031765 0.010476 0.023745 0.012836 0.014097 0.0031416 0.0031416 0.016823 0.91256
0.0050343 0.01965 0.044579 0.01849 0.017145 0.0047587 0.0047587 0.033082 0.8525
0.0056719 0.029335 0.045054 0.021353 0.016654 0.0052411 0.0052411 0.037441 0.83401
0.0085644 0.013757 0.011845 0.0071743 0.023561 0.0030038 0.0030038 0.010922 0.91817
0.0066442 0.0098779 0.0093614 0.0056377 0.015583 0.0025681 0.0025681 0.0070253 0.94073
0.0052141 0.015652 0.72823 0.02063 0.0090934 0.005033 0.005033 0.18117 0.029947
0.0025965 0.0076744 0.016296 0.0095916 0.0046718 0.002346 0.002346 0.020927 0.93355
0.0016503 0.0063214 0.011556 0.0063231 0.0032371 0.0016468 0.0016468 0.0086326 0.95899
0.0059861 0.0096709 0.0060577 0.0048283 0.01218 0.0021994 0.0021994 0.0051131 0.95176
0.0085645 0.024618 0.10771 0.03245 0.021599 0.0079259 0.0079259 0.48738 0.30183
0.01094 0.012673 0.0165 0.010146 0.019742 0.0076591 0.0076591 0.017105 0.89758
0.009094 0.014028 0.011758 0.0078503 0.024717 0.0036791 0.0036791 0.012717 0.91248
0.0089376 0.012896 0.017359 0.0076166 0.024284 0.0035953 0.0035953 0.0089604 0.91276
0.0059248 0.010703 0.0062139 0.0046837 0.012221 0.0021471 0.0021471 0.004592 0.95137
0.0057644 0.010759 0.006502 0.0045939 0.010121 0.0021469 0.0021469 0.0050841 0.95288
0.0045795 0.013964 0.075768 0.017933 0.0086565 0.0044565 0.0044565 0.8203 0.049884
0.0019403 0.0059722 0.0097471 0.0064534 0.0039992 0.0018593 0.0018593 0.0077626 0.96041
0.0058538 0.025115 0.047649 0.021182 0.01931 0.0054624 0.0054624 0.036703 0.83326
0.0085833 0.011845 0.010683 0.0063166 0.014208 0.0030959 0.0030959 0.0069249 0.93525
0.044002 0.34926 0.054046 0.056098 0.16789 0.013732 0.013732 0.058285 0.24296
0.0044607 0.013523 0.15586 0.017087 0.0079946 0.0043329 0.0043329 0.76905 0.023352
0.0055469 0.016105 0.54309 0.021505 0.0097026 0.0053097 0.0053097 0.36615 0.027281
0.0066621 0.018514 0.092288 0.026086 0.012057 0.0058783 0.0058783 0.73605 0.096588
0.0041412 0.012227 0.05061 0.015334 0.012516 0.003934 0.003934 0.021811 0.87549
0.0021628 0.0067778 0.015471 0.0081416 0.0047918 0.0020769 0.0020769 0.011252 0.94725
0.0023109 0.007225 0.018794 0.010115 0.0053124 0.0022734 0.0022734 0.014637 0.93706
0.0023591 0.0088599 0.023533 0.0093312 0.004371 0.002342 0.002342 0.015572 0.93129
0.0021511 0.0077853 0.017168 0.008127 0.0049465 0.0020914 0.0020914 0.011477 0.94416
0.0040695 0.016267 0.032544 0.015407 0.015101 0.003918 0.003918 0.022557 0.88622
0.0050183 0.0075476 0.0050798 0.0041735 0.012199 0.001883 0.001883 0.0042471 0.95797
0.01217 0.019475 0.020245 0.010236 0.03323 0.0044902 0.0044902 0.016681 0.87898
0.010535 0.01853 0.01224 0.0082763 0.024011 0.003892 0.003892 0.012531 0.90609
0.0043356 0.012889 0.045821 0.01638 0.009168 0.0041793 0.0041793 0.057245 0.8458
0.0017542 0.0057801 0.010266 0.0065271 0.0043457 0.0016974 0.0016974 0.0078056 0.96013
0.0087212 0.013361 0.01335 0.007312 0.028629 0.003124 0.003124 0.0088516 0.91353
0.0054125 0.015786 0.40901 0.021655 0.0089975 0.0052944 0.0052944 0.50218 0.02637
0.0064031 0.018825 0.25307 0.024146 0.011272 0.0060634 0.0060634 0.62674 0.047419
0.0018109 0.0062905 0.011011 0.0068404 0.0048952 0.0017922 0.0017922 0.010012 0.95556
0.0017444 0.0054331 0.010319 0.0063625 0.0034704 0.001646 0.001646 0.0084869 0.96089
0.045113 0.13399 0.078659 0.057435 0.19356 0.015435 0.015435 0.25618 0.20419
0.0096173 0.026879 0.1574 0.035909 0.031785 0.0092754 0.0092754 0.41647 0.30339
0.0015384 0.0049358 0.0091551 0.0056943 0.003772 0.0014582 0.0014582 0.0063895 0.9656
0.0037102 0.018689 0.020173 0.013497 0.013291 0.0034582 0.0034582 0.014752 0.90897
0.019444 0.018791 0.021519 0.012656 0.028129 0.0068443 0.0068443 0.02127 0.8645
0.046347 0.15835 0.054555 0.051033 0.32484 0.013535 0.013535 0.050496 0.28732
0.0074938 0.019503 0.56274 0.025826 0.013423 0.006785 0.006785 0.32317 0.034275
0.0043217 0.02228 0.029064 0.016248 0.018367 0.0040875 0.0040875 0.01773 0.88381
0.0033341 0.0099516 0.023805 0.012279 0.013295 0.0032421 0.0032421 0.015729 0.91512
0.0028142 0.0081132 0.025513 0.010465 0.0061722 0.0027033 0.0027033 0.020144 0.92137
0.0028836 0.0066725 0.010948 0.0074216 0.0068829 0.0027682 0.0027682 0.0085942 0.95106
0.0021681 0.0066007 0.015021 0.0082146 0.0041939 0.0020385 0.0020385 0.012956 0.94677
0.0085967 0.010528 0.0073812 0.0056599 0.017216 0.0025039 0.0025039 0.0066242 0.93899
0.040872 0.042855 0.050886 0.021522 0.056875 0.009826 0.009826 0.046691 0.72065
0.004333 0.010856 0.023066 0.012981 0.01118 0.0038807 0.0038807 0.022977 0.90684
0.0093554 0.020033 0.011041 0.0076493 0.016939 0.003543 0.003543 0.011144 0.91675
0.0067596 0.022237 0.075777 0.027618 0.017473 0.0067216 0.0067216 0.76046 0.076231
0.0063325 0.017741 0.36186 0.021478 0.010873 0.0062813 0.0062813 0.53825 0.030904
0.0028419 0.0085468 0.02132 0.010084 0.0074091 0.002794 0.002794 0.01252 0.93169
0.0021372 0.0061713 0.012009 0.0072824 0.0046034 0.001962 0.001962 0.0095355 0.95434
0.006177 0.0096775 0.0070231 0.0050582 0.013795 0.0021578 0.0021578 0.0067791 0.94717
0.014061 0.02648 0.017543 0.011926 0.042067 0.0050556 0.0050556 0.028093 0.84972
0.030268 0.030131 0.032749 0.018271 0.056645 0.0091834 0.0091834 0.024407 0.78916
0.010123 0.02169 0.062747 0.024851 0.013743 0.0083108 0.0083108 0.77475 0.075473
0.0036138 0.010932 0.07068 0.013692 0.0073893 0.0036042 0.0036042 0.86429 0.022194
0.0027742 0.0083181 0.040434 0.010494 0.0055906 0.0027701 0.0027701 0.90813 0.018721
0.0021094 0.006406 0.026238 0.0080056 0.0037862 0.0020856 0.0020856 0.93645 0.012829
0.0013765 0.0039106 0.0065545 0.0041934 0.0027201 0.0013729 0.0013729 0.0047895 0.97371
0.001732 0.0049074 0.0099196 0.0060875 0.003582 0.0016708 0.0016708 0.0087097 0.96172
0.0017207 0.0050056 0.014965 0.0061403 0.0027873 0.0017155 0.0017155 0.95694 0.0090125
0.0065041 0.016802 0.054124 0.02057 0.01698 0.0061951 0.0061951 0.041736 0.83089
0.0024831 0.0077221 0.020436 0.0094829 0.0060438 0.0024335 0.0024335 0.012241 0.93672
0.0022661 0.0050533 0.0074563 0.0054595 0.0042913 0.0022231 0.0022231 0.0065308 0.9645
0.0092727 0.017972 0.012191 0.007512 0.023439 0.003398 0.003398 0.0090524 0.91376
0.0072093 0.010859 0.0072642 0.0056802 0.01715 0.0025705 0.0025705 0.0084597 0.93824
0.0045264 0.013157 0.041968 0.016381 0.012759 0.0043367 0.0043367 0.028608 0.87393
0.0047998 0.010499 0.026685 0.012013 0.010304 0.0047103 0.0047103 0.02477 0.90151
0.0067262 0.010272 0.0079413 0.005277 0.012019 0.0025048 0.0025048 0.00592 0.94684
0.039204 0.070376 0.038985 0.040778 0.13547 0.016496 0.016496 0.06375 0.57844
0.045857 0.1246 0.075783 0.071203 0.2053 0.020648 0.020648 0.1522 0.28375
0.0027833 0.0070587 0.011459 0.0067536 0.003987 0.0026118 0.0026118 0.0088952 0.95384
0.0019837 0.006468 0.011743 0.0064667 0.0034066 0.0018989 0.0018989 0.0088234 0.95731
0.035714 0.077124 0.071191 0.042792 0.12143 0.016357 0.016357 0.50951 0.10952
0.0072456 0.019249 0.063971 0.022803 0.020213 0.0069829 0.0069829 0.066334 0.78622
0.0028884 0.0082572 0.014798 0.0086741 0.004618 0.0024498 0.0024498 0.014434 0.94143
0.010245 0.010631 0.011469 0.010293 0.013681 0.010132 0.010132 0.027559 0.89586
0.043557 0.13068 0.050423 0.042951 0.2426 0.017147 0.017147 0.075375 0.38012
0.0091687 0.018668 0.29621 0.021261 0.012424 0.0079611 0.0079611 0.59638 0.029968
0.0076248 0.01731 0.16326 0.01972 0.014742 0.0075018 0.0075018 0.72887 0.033464
0.010066 0.018791 0.095361 0.021163 0.013028 0.0098883 0.0098883 0.76114 0.060678
0.011986 0.032736 0.1873 0.038213 0.03085 0.011511 0.011511 0.46576 0.21013
0.010284 0.010001 0.015749 0.010361 0.016957 0.010202 0.010202 0.017934 0.89831
0.0038463 0.0076576 0.011573 0.0083738 0.007756 0.0034471 0.0034471 0.010998 0.9429
0.0035331 0.0082796 0.013256 0.0082557 0.0048195 0.002616 0.002616 0.010105 0.94652
0.038798 0.066057 0.045365 0.033182 0.09883 0.014402 0.014402 0.062197 0.62677
0.01076 0.020452 0.47896 0.024249 0.01903 0.0093693 0.0093693 0.3978 0.03001
0.0057699 0.0125 0.076628 0.014313 0.0082699 0.0053052 0.0053052 0.84873 0.023178
0.0059152 0.017144 0.051125 0.018706 0.018204 0.0058403 0.0058403 0.031807 0.84542
0.03286 0.041619 0.12412 0.026741 0.070943 0.01531 0.01531 0.59299 0.080103
0.0091121 0.018826 0.23744 0.02126 0.014726 0.0081484 0.0081484 0.65555 0.026788
0.011278 0.018748 0.27826 0.021532 0.018506 0.010502 0.010502 0.60468 0.025995
0.023009 0.034933 0.31915 0.041194 0.047651 0.02194 0.02194 0.16942 0.32076
0.0079816 0.017882 0.051659 0.021732 0.019997 0.0078071 0.0078071 0.063723 0.80141
0.019758 0.024235 0.098433 0.02773 0.027652 0.01523 0.01523 0.07594 0.69579
0.0045878 0.011697 0.024155 0.010683 0.006422 0.0034322 0.0034322 0.014031 0.92156
0.022396 0.044025 0.038455 0.025148 0.076241 0.0080957 0.0080957 0.035096 0.74245
0.0024971 0.0037925 0.0054387 0.0042615 0.0031698 0.0024411 0.0024411 0.0052874 0.97067
0.002804 0.0057639 0.010206 0.0067214 0.0045889 0.0027239 0.0027239 0.011462 0.95301
0.0058228 0.011718 0.083739 0.013734 0.0080499 0.0053817 0.0053817 0.84491 0.021267
0.0028574 0.0067011 0.012764 0.0071766 0.0046944 0.0028377 0.0028377 0.010724 0.94941
0.011051 0.022396 0.48638 0.027379 0.020232 0.010896 0.010896 0.37663 0.034141
0.017065 0.033589 0.15804 0.038414 0.048271 0.016896 0.016896 0.097628 0.5732
0.011124 0.021562 0.066385 0.025595 0.02835 0.010697 0.010697 0.078533 0.74706
0.0062596 0.0086056 0.019649 0.0094123 0.010582 0.0060317 0.0060317 0.013613 0.91982
0.0069136 0.0072027 0.0077336 0.0064633 0.0082537 0.0064041 0.0064041 0.0072647 0.94336
0.0058702 0.011509 0.012936 0.0097816 0.012454 0.0055309 0.0055309 0.010845 0.92554
0.0024982 0.0051588 0.011228 0.0057409 0.0034629 0.0024672 0.0024672 0.0082697 0.95871
0.046239 0.05888 0.084189 0.051077 0.098263 0.025619 0.025619 0.38411 0.226
0.017306 0.021455 0.54377 0.023262 0.018317 0.014574 0.014574 0.31364 0.033107
0.021918 0.024259 0.098508 0.024229 0.028977 0.021078 0.021078 0.72045 0.039502
0.0058178 0.0093834 0.030098 0.01004 0.0073079 0.0056942 0.0056942 0.91044 0.01552
0.0029266 0.0066015 0.0090588 0.0061954 0.0042044 0.0026469 0.0026469 0.0078916 0.95783
0.010899 0.016884 0.017874 0.0096398 0.030564 0.0042809 0.0042809 0.015427 0.89015
0.010957 0.018231 0.12102 0.020044 0.019882 0.010772 0.010772 0.76349 0.024832
0.01062 0.022224 0.063137 0.027585 0.025977 0.010354 0.010354 0.099468 0.73028
0.0094985 0.013779 0.034405 0.015215 0.014536 0.0091466 0.0091466 0.041604 0.85267
0.0036926 0.0080468 0.010249 0.0074435 0.0054915 0.0030346 0.0030346 0.0097553 0.94925
0.010349 0.013554 0.014019 0.0096205 0.020259 0.0066754 0.0066754 0.017498 0.90135
0.029677 0.026895 0.13753 0.028556 0.042811 0.026587 0.026587 0.62069 0.060672
0.038247 0.035898 0.38393 0.038842 0.081928 0.036224 0.036224 0.24093 0.10779
0.0085137 0.0082166 0.0095344 0.0080837 0.012128 0.0079696 0.0079696 0.010798 0.92679
0.0045169 0.0057021 0.0096947 0.0064251 0.0065513 0.0040825 0.0040825 0.0081701 0.95077
0.0039105 0.0072751 0.008267 0.0064084 0.0051707 0.0035741 0.0035741 0.0079383 0.95388
0.021109 0.020182 0.032739 0.014447 0.021552 0.010292 0.010292 0.02534 0.84405
0.029753 0.04076 0.053854 0.027914 0.074494 0.01958 0.01958 0.12149 0.61258
0.013265 0.013726 0.022378 0.015937 0.016837 0.013041 0.013041 0.025157 0.86662
0.006469 0.006888 0.0077623 0.0062161 0.0092174 0.0062075 0.0062075 0.0068374 0.9442
0.035334 0.025931 0.028921 0.02296 0.05924 0.021943 0.021943 0.041536 0.74219
0.021483 0.021209 0.093519 0.021038 0.026797 0.019819 0.019819 0.7461 0.030219
0.0088329 0.0094295 0.012224 0.0086436 0.011659 0.0084952 0.0084952 0.010917 0.9213
0.009059 0.0082993 0.0098265 0.008194 0.01271 0.0080448 0.0080448 0.010124 0.9257
0.0064463 0.0066147 0.006717 0.0062293 0.0088624 0.0062157 0.0062157 0.008008 0.94469
0.030697 0.024922 0.52254 0.025529 0.038609 0.024854 0.024854 0.2791 0.028901
0.016694 0.01691 0.1137 0.016469 0.020584 0.01644 0.01644 0.76318 0.019587
0.034212 0.028841 0.20853 0.028168 0.046042 0.028178 0.028178 0.54902 0.048829
0.038068 0.038395 0.33579 0.045004 0.079017 0.037027 0.037027 0.1007 0.28897
0.014796 0.014693 0.85341 0.01501 0.017624 0.014252 0.014252 0.026794 0.029165
0.0098943 0.0099136 0.013889 0.0096986 0.018403 0.0096427 0.0096427 0.012002 0.90691
0.0060909 0.005684 0.0063115 0.0056343 0.0068555 0.0055662 0.0055662 0.0071182 0.95117
0.007832 0.0077494 0.010091 0.0075507 0.012284 0.0075737 0.0075737 0.0097045 0.92964
0.028392 0.025114 0.46631 0.025284 0.039645 0.024812 0.024812 0.3337 0.03193
0.040478 0.040291 0.13221 0.045529 0.093445 0.039059 0.039059 0.22729 0.34263
0.024482 0.022854 0.048217 0.023212 0.044769 0.022556 0.022556 0.067417 0.72394
0.017403 0.016914 0.041689 0.01737 0.02159 0.016798 0.016798 0.050096 0.80134
0.0078962 0.0090096 0.008295 0.0074932 0.011096 0.0073658 0.0073658 0.0091753 0.9323
0.011342 0.012297 0.013225 0.010286 0.015882 0.010307 0.010307 0.017344 0.89901
0.011331 0.015476 0.015701 0.010518 0.0207 0.0068251 0.0068251 0.024647 0.88798
0.045197 0.02428 0.035385 0.020585 0.032166 0.014034 0.014034 0.036782 0.77753
0.030793 0.026136 0.18685 0.025719 0.029738 0.025405 0.025405 0.59195 0.058007
0.031012 0.026315 0.47353 0.02622 0.035748 0.0257 0.0257 0.32452 0.031257
0.011208 0.014837 0.013931 0.012308 0.016919 0.010836 0.010836 0.015031 0.89409
0.011478 0.016332 0.018657 0.0091872 0.02392 0.0048608 0.0048608 0.013237 0.89747
0.060619 0.027207 0.051572 0.02688 0.048754 0.02661 0.02661 0.05532 0.67643
0.029268 0.031893 0.057304 0.030671 0.06296 0.027649 0.027649 0.1155 0.6171
0.047515 0.035547 0.086843 0.035443 0.067583 0.033372 0.033372 0.17327 0.48705
0.05064 0.034931 0.26794 0.036301 0.047854 0.034228 0.034228 0.40941 0.084463
0.042435 0.031605 0.46985 0.031899 0.057398 0.030688 0.030688 0.25599 0.049447
0.011513 0.013276 0.013787 0.011246 0.023905 0.011181 0.011181 0.015667 0.88824
0.005715 0.0057917 0.0071084 0.0057888 0.0069114 0.0056886 0.0056886 0.0072836 0.95002
0.020619 0.020802 0.096941 0.019816 0.030929 0.019906 0.019906 0.73625 0.034832
0.0071367 0.0071855 0.0073267 0.0065959 0.0085248 0.0065279 0.0065279 0.0087059 0.94147
0.01046 0.010228 0.01506 0.0096066 0.01461 0.0095786 0.0095786 0.012488 0.90839
0.034357 0.03508 0.49442 0.039273 0.045461 0.032604 0.032604 0.18529 0.10091
0.022007 0.021493 0.73539 0.022694 0.034239 0.02143 0.02143 0.05881 0.062505
0.0126 0.012863 0.016014 0.011547 0.016526 0.011458 0.011458 0.023741 0.8838
0.0075242 0.0068752 0.008207 0.0069834 0.010226 0.0069166 0.0069166 0.008816 0.93754
0.0066125 0.0069627 0.0076754 0.0064232 0.0086224 0.006404 0.006404 0.0078047 0.94309
0.012345 0.018081 0.016482 0.012086 0.024437 0.012426 0.012426 0.019018 0.8727
0.01445 0.020127 0.024146 0.014491 0.028062 0.014395 0.014395 0.021233 0.8487
0.0096655 0.011557 0.011272 0.0098606 0.015752 0.0095795 0.0095795 0.014832 0.9079
0.014578 0.016621 0.02196 0.011209 0.020345 0.0080548 0.0080548 0.016744 0.88243
0.041282 0.036842 0.39627 0.039093 0.083373 0.036609 0.036609 0.13578 0.19414
0.035661 0.034715 0.38746 0.036131 0.074923 0.034613 0.034613 0.25426 0.10762
0.039136 0.037558 0.26167 0.039689 0.090909 0.037619 0.037619 0.30864 0.14716
0.012511 0.012521 0.01841 0.011648 0.017251 0.011551 0.011551 0.019376 0.88518
0.0090756 0.0091942 0.012646 0.0090138 0.011544 0.0090018 0.0090018 0.016031 0.91449
0.013344 0.018937 0.01536 0.014101 0.025501 0.013189 0.013189 0.023154 0.86323
0.01361 0.021863 0.01762 0.013871 0.023447 0.013372 0.013372 0.019711 0.86313
0.028745 0.027905 0.22613 0.029586 0.046519 0.028501 0.028501 0.51268 0.071433
0.007702 0.0087365 0.0088243 0.0075656 0.014123 0.0076453 0.0076453 0.0094207 0.92834
0.0069615 0.0077093 0.0087554 0.0072412 0.0084741 0.0069002 0.0069002 0.0092352 0.93782
0.010052 0.010331 0.89865 0.010336 0.010754 0.009859 0.009859 0.023952 0.016209
0.015981 0.015385 0.018339 0.011065 0.021345 0.0080858 0.0080858 0.016827 0.88489
0.032664 0.019888 0.03199 0.019352 0.021968 0.017765 0.017765 0.031702 0.8069
0.032957 0.026808 0.49056 0.026488 0.03188 0.025966 0.025966 0.30272 0.036654
0.011951 0.011836 0.029233 0.011838 0.015559 0.011541 0.011541 0.87602 0.020483
0.025191 0.025244 0.20039 0.024561 0.035598 0.024608 0.024608 0.60077 0.039025
0.023694 0.024522 0.70545 0.025403 0.031521 0.023042 0.023042 0.091173 0.052151
0.0061774 0.0068321 0.0088343 0.0063089 0.0075221 0.006176 0.006176 0.0075902 0.94438
0.0083058 0.0088441 0.011861 0.008105 0.011822 0.0081667 0.0081667 0.011392 0.92334
0.031803 0.031694 0.18045 0.031126 0.041231 0.030081 0.030081 0.51478 0.10875
0.027892 0.027796 0.044116 0.019403 0.059177 0.01321 0.01321 0.027046 0.76815
0.034296 0.023081 0.050752 0.022949 0.029637 0.021244 0.021244 0.051615 0.74518
0.030455 0.029908 0.15767 0.02874 0.051652 0.028174 0.028174 0.5754 0.069825
0.019961 0.019194 0.77757 0.02004 0.026501 0.018999 0.018999 0.047915 0.050822
0.034964 0.036711 0.081176 0.038018 0.068298 0.034174 0.034174 0.16989 0.5026
0.01125 0.011311 0.01463 0.010501 0.018069 0.010372 0.010372 0.014009 0.89949
0.0083418 0.0089186 0.010108 0.0083092 0.014518 0.0083276 0.0083276 0.012295 0.92085
0.01075 0.014969 0.014779 0.0099097 0.019139 0.0064309 0.0064309 0.020646 0.89695
0.022526 0.021439 0.71227 0.022592 0.026789 0.021628 0.021628 0.072298 0.07883
0.020663 0.019422 0.75778 0.020453 0.030916 0.019633 0.019633 0.048334 0.063166
0.039996 0.034479 0.22988 0.03597 0.062805 0.033845 0.033845 0.43676 0.092427
0.026192 0.023856 0.13902 0.023829 0.036686 0.023254 0.023254 0.66744 0.036467
0.027414 0.030223 0.67868 0.031925 0.045829 0.026211 0.026211 0.093302 0.040209
0.010644 0.012487 0.013768 0.010073 0.013227 0.010008 0.010008 0.017091 0.90269
0.0089965 0.0090305 0.01117 0.0086299 0.013316 0.0086002 0.0086002 0.01227 0.91939
0.012325 0.013267 0.01838 0.012403 0.01683 0.012214 0.012214 0.029207 0.87316
0.010439 0.011013 0.015067 0.010509 0.013528 0.010312 0.010312 0.02329 0.89553
0.043864 0.029622 0.053207 0.027778 0.083948 0.02773 0.02773 0.052129 0.65399
0.015661 0.014938 0.044606 0.014253 0.020017 0.014081 0.014081 0.8402 0.022159
0.029751 0.028229 0.11416 0.027407 0.05915 0.02669 0.02669 0.63557 0.052356
0.022116 0.02204 0.73793 0.022742 0.025137 0.020652 0.020652 0.081512 0.047215
0.01007 0.011506 0.010814 0.011832 0.015332 0.009672 0.009672 0.013248 0.90786
0.0071022 0.0073768 0.0097008 0.0071175 0.009502 0.0071028 0.0071028 0.010448 0.93455
0.03949 0.035759 0.049584 0.024916 0.09933 0.018423 0.018423 0.044378 0.6697
0.049001 0.041311 0.21272 0.041054 0.071342 0.03885 0.03885 0.2902 0.21668
0.037292 0.033899 0.20588 0.030731 0.053634 0.02948 0.02948 0.52815 0.051453
0.016083 0.016016 0.82068 0.016813 0.024125 0.015643 0.015643 0.030306 0.044689
0.011367 0.011115 0.89102 0.011147 0.015858 0.010661 0.010661 0.021037 0.017134
0.0083548 0.0090533 0.010224 0.0085202 0.010103 0.0080655 0.0080655 0.012566 0.92505
0.0059005 0.0066455 0.0068866 0.0057772 0.0067609 0.005852 0.005852 0.0082541 0.94807
0.032777 0.023066 0.036171 0.022107 0.051761 0.022157 0.022157 0.062736 0.72707
0.053114 0.043841 0.14081 0.041925 0.10128 0.039572 0.039572 0.37831 0.16157
0.0071268 0.0074631 0.009337 0.0070784 0.0090967 0.0070987 0.0070987 0.010533 0.93517
0.039791 0.027171 0.064313 0.025862 0.051109 0.025907 0.025907 0.055105 0.68484
0.044682 0.027204 0.046089 0.024112 0.032762 0.023732 0.023732 0.054994 0.72269
0.017719 0.018259 0.10053 0.017147 0.020741 0.017253 0.017253 0.76525 0.025843
0.010441 0.010221 0.89726 0.01045 0.013432 0.010138 0.010138 0.020017 0.017905
0.01412 0.013468 0.85094 0.014477 0.022581 0.013734 0.013734 0.032945 0.024002
0.010197 0.011792 0.012794 0.0091746 0.012209 0.0092069 0.0092069 0.013358 0.91206
0.02905 0.028691 0.1143 0.029435 0.055765 0.027975 0.027975 0.60722 0.079586
0.007953 0.0083071 0.0086071 0.007443 0.0095671 0.0073104 0.0073104 0.010436 0.93307
0.0067685 0.0067899 0.0070058 0.0063944 0.0087098 0.0063272 0.0063272 0.0080807 0.9436
0.037379 0.027271 0.041045 0.026276 0.060589 0.02587 0.02587 0.062735 0.69297
0.015553 0.01568 0.072914 0.015319 0.02226 0.015322 0.015322 0.80749 0.020138
0.023491 0.019299 0.02768 0.017638 0.029722 0.017511 0.017511 0.035874 0.81127
0.033693 0.02434 0.043303 0.022204 0.039022 0.021417 0.021417 0.041865 0.75274
0.037898 0.028126 0.064957 0.027079 0.062565 0.026987 0.026987 0.077159 0.64824
0.033017 0.035989 0.28704 0.03365 0.047534 0.032102 0.032102 0.4178 0.08077
0.0061604 0.0058339 0.0077848 0.0059046 0.0068588 0.0058845 0.0058845 0.0077437 0.94794
0.035552 0.032529 0.06152 0.02736 0.0663 0.027312 0.027312 0.058495 0.66362
0.041811 0.029543 0.065624 0.027147 0.075987 0.026954 0.026954 0.042555 0.66343
0.0083833 0.0087624 0.0088647 0.0075888 0.012223 0.0075007 0.0075007 0.009797 0.92938
0.012468 0.013672 0.023291 0.012335 0.016004 0.012362 0.012362 0.026874 0.87063
0.042595 0.042034 0.072902 0.035588 0.056504 0.033092 0.033092 0.17164 0.51256
0.0098195 0.010028 0.90368 0.0097619 0.011006 0.0095056 0.0095056 0.026106 0.010582
0.0060453 0.0061198 0.0070132 0.0060146 0.0068512 0.0059129 0.0059129 0.0084478 0.94768
0.010871 0.011665 0.02188 0.010825 0.012836 0.010768 0.010768 0.021778 0.88861
0.0062207 0.0063887 0.007389 0.0061292 0.0077021 0.0061331 0.0061331 0.0094243 0.94448
0.018619 0.015956 0.02313 0.016518 0.022029 0.014744 0.014744 0.029071 0.84519
0.011712 0.010977 0.88974 0.011579 0.013957 0.010813 0.010813 0.02323 0.017174
0.005596 0.0054808 0.0077423 0.0055745 0.0054584 0.0054955 0.0054955 0.0085225 0.95063
0.015544 0.016266 0.026596 0.01573 0.02352 0.015424 0.015424 0.042151 0.82934
0.011206 0.012007 0.017803 0.011558 0.015553 0.011279 0.011279 0.02425 0.88507
0.023588 0.021246 0.029238 0.0201 0.054921 0.020013 0.020013 0.032844 0.77804
0.022875 0.017695 0.023522 0.01596 0.032688 0.015543 0.015543 0.022501 0.83367
0.041601 0.040031 0.20033 0.046507 0.099323 0.039374 0.039374 0.30605 0.18741
0.0058864 0.0062032 0.0091135 0.0058595 0.0070479 0.005827 0.005827 0.0071329 0.9471
0.0061884 0.0068253 0.0082688 0.0062339 0.0068162 0.0060566 0.0060566 0.0077211 0.94583
0.042261 0.0472 0.1975 0.043229 0.096942 0.040571 0.040571 0.30319 0.18854
0.039855 0.035204 0.41318 0.036411 0.04324 0.033928 0.033928 0.21174 0.15252
0.019053 0.025208 0.02717 0.01813 0.033389 0.01789 0.01789 0.030426 0.81085
0.0060216 0.0058123 0.0073115 0.0060791 0.008192 0.0059541 0.0059541 0.0071051 0.94757
0.0051343 0.0052777 0.0066039 0.0050555 0.0056091 0.0050534 0.0050534 0.0061403 0.95607
0.018511 0.023214 0.033237 0.019236 0.03662 0.018624 0.018624 0.034686 0.79725
0.018198 0.013493 0.019789 0.013344 0.024194 0.013351 0.013351 0.021341 0.86294
0.020169 0.015445 0.030762 0.015991 0.033191 0.015992 0.015992 0.023627 0.82883
0.039358 0.030492 0.059349 0.029067 0.055829 0.027926 0.027926 0.10897 0.62109
0.047198 0.038684 0.20895 0.038087 0.070308 0.037375 0.037375 0.17986 0.34217
0.033042 0.031971 0.077615 0.031719 0.045185 0.030911 0.030911 0.42909 0.28955
0.015608 0.01651 0.023969 0.015558 0.025478 0.015393 0.015393 0.042486 0.8296
0.043619 0.049687 0.29017 0.040437 0.063278 0.038802 0.038802 0.2175 0.2177
0.032786 0.03186 0.077772 0.03124 0.045535 0.031077 0.031077 0.24419 0.47446
0.012678 0.013626 0.02168 0.012708 0.017401 0.012497 0.012497 0.027567 0.86934
0.044957 0.047952 0.35105 0.044589 0.072831 0.039654 0.039654 0.18862 0.17069
0.013501 0.014255 0.024966 0.013451 0.017337 0.013291 0.013291 0.030883 0.85903
0.021184 0.020711 0.034266 0.018293 0.047538 0.018239 0.018239 0.025419 0.79611
0.03317 0.024461 0.046607 0.023092 0.045476 0.023065 0.023065 0.043223 0.73784
0.0099336 0.0098442 0.90368 0.012292 0.010915 0.0097971 0.0097971 0.021573 0.012168
0.020684 0.027236 0.029669 0.020762 0.0755 0.020174 0.020174 0.028496 0.7573
0.014364 0.015212 0.027937 0.014273 0.018912 0.014067 0.014067 0.031231 0.84994
0.015733 0.017236 0.034824 0.015702 0.021103 0.015503 0.015503 0.035351 0.82904
0.037793 0.046254 0.086973 0.03375 0.070494 0.031219 0.031219 0.08634 0.57596
0.02973 0.028761 0.58377 0.032305 0.043331 0.028752 0.028752 0.10714 0.11747
0.040822 0.046176 0.15189 0.046061 0.09548 0.040573 0.040573 0.27574 0.26269
0.03972 0.065058 0.085263 0.03515 0.05868 0.03254 0.03254 0.092138 0.55891
0.03777 0.042799 0.12162 0.042113 0.085339 0.037393 0.037393 0.20459 0.39098
0.029501 0.031564 0.62391 0.031948 0.038368 0.028293 0.028293 0.10413 0.083996
0.034629 0.036192 0.099557 0.032678 0.05877 0.032453 0.032453 0.15744 0.51583
0.015587 0.020004 0.022382 0.016653 0.02075 0.015209 0.015209 0.033599 0.84061
0.014643 0.015296 0.027338 0.014947 0.019435 0.014428 0.014428 0.037914 0.84157
0.019171 0.017831 0.025382 0.017432 0.030813 0.016177 0.016177 0.0284 0.82862
0.039405 0.041164 0.072452 0.038633 0.10447 0.034905 0.034905 0.17975 0.45432
0.0063067 0.006557 0.0082118 0.0063591 0.0080992 0.0062351 0.0062351 0.0080435 0.94395
0.012037 0.012722 0.023537 0.012205 0.015593 0.012002 0.012002 0.024166 0.87574
0.025544 0.023179 0.026885 0.019791 0.049266 0.017924 0.017924 0.019978 0.79951
0.039695 0.054653 0.14361 0.039339 0.058295 0.037029 0.037029 0.19544 0.39491
0.040679 0.046624 0.13279 0.038559 0.087044 0.037233 0.037233 0.19364 0.38619
0.039507 0.048194 0.47759 0.04799 0.055633 0.036385 0.036385 0.16082 0.097492
0.019318 0.024981 0.033876 0.020015 0.034646 0.019056 0.019056 0.040598 0.78845
0.017616 0.022503 0.028641 0.017972 0.033936 0.01731 0.01731 0.033809 0.8109
0.014557 0.015258 0.029509 0.014442 0.028224 0.014113 0.014113 0.018718 0.85107
0.044412 0.079352 0.15898 0.058352 0.081141 0.040107 0.040107 0.1265 0.37105
0.042556 0.046238 0.12331 0.041945 0.064295 0.0377 0.0377 0.31993 0.28633
